MatriceDistance_km;Abuna;Amazon1;Amazon2;Amazon5;Amazon8;Amazon9;Andira1;Apaporis;Apurimac1;Arinos;Aripuana;Bacaja;Beni;Blanco_Baures;Branco;Candeias;Canuma;Caqueta1;Chapare;Coari;Curaray;Curua;Curua_Una;Demini;Fresco;Grande;Guapore;Huallaga;Iriri;Isiboro;Itonamas;Jamanxim;Japura1;Jari;Jatapu;Javary1;Jiparana;Jurua1;Juruena1;Jutai;Luna;Madera1;Madera2;Madera3;Madera4;Madera6;Madre_Dios;Mamore1;Mamore2;Mantaro;Maranon1;Maranon3;Maranon5;Marmelos;Maues;Napo1;Napo2;Negro1;Negro2;Negro3;Negro5;Nhamunda;Orthon;Pachitea;Paru_Este;Pastaza;Purus1;Purus2;Purus3;Putumayo;Roosevelt;Santiago;Solimoes1;Solimoes2;Solimoes3;Solimoes4;Solimoes7;Solimoes8;Solimoes9;Tapajos1;Tapajos2;Tapaua;Tefe;Teles_Pires;Tigre;Trombetas1;Uatuma1;Uaupes;Ucayali1;Ucayali2;Unini;Urubamba;Xingu1;Xingu3;Xingu4;Xingu6;Yacuma
Abuna;0;2884422.736;2730825.199;2156692.329;1731139.011;1457444.214;1869996.5;3142075.736;5866467.823;3691045.903;1118255.235;3127383.232;266929.7723;508752.967;2088356.67;371365.2798;2353812.208;3142075.736;1157602.731;2128371.652;4190721.514;2426648.467;2379319.491;2269693.582;3729939.397;1035015.203;355009.7025;4425652.66;3304930.709;1035015.203;494276.5556;2726939.471;2337703.541;2730825.199;1842742.868;3374793.631;480735.0621;2580166.369;3195351.195;2761143.673;1457444.214;1457444.214;1118255.235;859330.4501;480735.0621;0;103995.545;103995.545;355009.7025;5866467.823;4069455.672;4425652.66;4737649.615;859330.4501;2128530.342;3858596.27;4190721.514;1665185.224;1992735.18;2269693.582;2879403.186;2116308.771;231663.2226;5115066.662;2655518.942;4536118.69;1913445.33;2785903.113;3147789.031;2981315.033;1462490.301;4737649.615;1665185.224;1913445.33;2128371.652;2337703.541;2981315.033;3374793.631;3858596.27;2307547.232;2726939.471;2785903.113;2364693.034;3195351.195;4159715.05;2070687.058;1731139.011;2879403.186;4069455.672;5115066.662;2017862.613;5521863.17;2749626.713;3304930.709;3729939.397;4453406.963;730052.2757
Amazon1;2884422.736;0;153597.5367;727730.4069;1153283.725;1426978.522;1014426.236;3068494.022;5792886.108;2048668.28;1766167.501;512552.5417;3151352.508;3393175.703;2014774.956;2513057.456;1498241.944;3068494.022;4042025.467;2054789.938;4117139.8;695976.7388;505103.2443;2196111.868;1115108.707;3919437.939;3239432.438;4352070.946;690100.019;3919437.939;3378699.291;1084561.848;2264121.827;153597.5367;1264887.582;3301211.917;2403687.674;2506584.655;1552973.572;2687561.959;1426978.522;1426978.522;1766167.501;2025092.286;2403687.674;2884422.736;2988418.281;2988418.281;3239432.438;5792886.108;3995873.957;4352070.946;4664067.901;2025092.286;1272960.079;3785014.556;4117139.8;1591603.509;1919153.465;2196111.868;2805821.472;859357.3909;3116085.958;5041484.948;228903.7942;4462536.976;1839863.616;2712321.399;3074207.316;2907733.319;2110402.567;4664067.901;1591603.509;1839863.616;2054789.938;2264121.827;2907733.319;3301211.917;3785014.556;576875.5036;1084561.848;2712321.399;2291111.319;1552973.572;4086133.335;813735.6776;1153283.725;2805821.472;3995873.957;5041484.948;1944280.899;5448281.455;134796.0228;690100.019;1115108.707;1838576.273;3614475.011
Amazon2;2730825.199;153597.5367;0;574132.8702;999686.1881;1273380.985;860828.6994;2914896.485;5639288.572;1895070.743;1612569.964;396558.0329;2997754.971;3239578.166;1861177.419;2359459.919;1344644.408;2914896.485;3888427.93;1901192.401;3963542.263;542379.2021;351505.7076;2042514.331;999114.1979;3765840.402;3085834.901;4198473.409;574105.5101;3765840.402;3225101.755;930964.3112;2110524.29;0;1111290.045;3147614.38;2250090.137;2352987.118;1399376.035;2533964.422;1273380.985;1273380.985;1612569.964;1871494.749;2250090.137;2730825.199;2834820.744;2834820.744;3085834.901;5639288.572;3842276.421;4198473.409;4510470.364;1871494.749;1119362.542;3631417.019;3963542.263;1438005.973;1765555.928;2042514.331;2652223.935;705759.8542;2962488.422;4887887.411;75306.25749;4308939.439;1686266.079;2558723.862;2920609.78;2754135.782;1956805.03;4510470.364;1438005.973;1686266.079;1901192.401;2110524.29;2754135.782;3147614.38;3631417.019;423277.9669;930964.3112;2558723.862;2137513.782;1399376.035;3932535.799;660138.1409;999686.1881;2652223.935;3842276.421;4887887.411;1790683.362;5294683.919;18801.51393;574105.5101;999114.1979;1722581.764;3460877.475
Amazon5;2156692.329;727730.4069;574132.8702;0;425553.3179;699248.1151;286695.8293;2340763.615;5065155.701;1534353.574;1038437.094;970690.9031;2423622.101;2665445.296;1287044.549;1785327.049;770511.5374;2340763.615;3314295.06;1327059.531;3389409.393;269956.1385;222627.1626;1468381.461;1573247.068;3191707.532;2511702.031;3624340.539;1148238.38;3191707.532;2650968.884;570247.1423;1536391.42;574132.8702;537157.175;2573481.51;1675957.267;1778854.248;1038658.866;1959831.552;699248.1151;699248.1151;1038437.094;1297361.879;1675957.267;2156692.329;2260687.874;2260687.874;2511702.031;5065155.701;3268143.55;3624340.539;3936337.494;1297361.879;545229.6718;3057284.149;3389409.393;863873.1023;1191423.058;1468381.461;2078091.065;131626.984;2388355.551;4313754.541;498826.6127;3734806.569;1112133.209;1984590.992;2346476.909;2180002.912;1382672.16;3936337.494;863873.1023;1112133.209;1327059.531;1536391.42;2180002.912;2573481.51;3057284.149;150854.9033;570247.1423;1984590.992;1563380.912;1038658.866;3358402.929;86005.27069;425553.3179;2078091.065;3268143.55;4313754.541;1216550.492;4720551.048;592934.3841;1148238.38;1573247.068;2296714.634;2886744.604
Amazon8;1731139.011;1153283.725;999686.1881;425553.3179;0;273694.7973;138857.4886;1915210.297;4639602.384;1959906.892;612883.7762;1396244.221;1998068.783;2239891.978;861491.231;1359773.731;622673.1967;1915210.297;2888741.742;901506.2128;2963856.075;695509.4563;648180.4805;1042828.143;1998800.386;2766154.214;2086148.713;3198787.221;1573791.698;2766154.214;2225415.566;995800.4602;1110838.102;999686.1881;111603.8571;2147928.192;1250403.949;1353300.93;1464212.184;1534278.234;273694.7973;273694.7973;612883.7762;871808.5608;1250403.949;1731139.011;1835134.556;1835134.556;2086148.713;4639602.384;2842590.233;3198787.221;3510784.176;871808.5608;397391.3311;2631730.831;2963856.075;438319.7845;765869.7404;1042828.143;1652537.747;385169.7605;1962802.234;3888201.223;924379.9306;3309253.251;686579.891;1559037.674;1920923.591;1754449.594;957118.8422;3510784.176;438319.7845;686579.891;901506.2128;1110838.102;1754449.594;2147928.192;2631730.831;576408.2212;995800.4602;1559037.674;1137827.594;1464212.184;2932849.611;339548.0472;0;1652537.747;2842590.233;3888201.223;790997.1739;4294997.731;1018487.702;1573791.698;1998800.386;2722267.952;2461191.287
Amazon9;1457444.214;1426978.522;1273380.985;699248.1151;273694.7973;0;412552.2859;1684631.523;4409023.609;2233601.689;339188.9789;1669939.018;1724373.986;1966197.181;630912.4565;1086078.934;896367.994;1684631.523;2615046.945;670927.4383;2733277.301;969204.2536;921875.2777;812249.3684;2272495.183;2492459.417;1812453.916;2968208.446;1847486.495;2492459.417;1951720.769;1269495.257;880259.3277;1273380.985;385298.6544;1917349.417;976709.1515;1122722.155;1737906.981;1303699.46;0;0;339188.9789;598113.7636;976709.1515;1457444.214;1561439.759;1561439.759;1812453.916;4409023.609;2612011.458;2968208.446;3280205.401;598113.7636;671086.1284;2401152.056;2733277.301;207741.01;535290.9659;812249.3684;1421958.973;658864.5577;1689107.436;3657622.449;1198074.728;3078674.477;456001.1165;1328458.9;1690344.817;1523870.82;683424.045;3280205.401;207741.01;456001.1165;670927.4383;880259.3277;1523870.82;1917349.417;2401152.056;850103.0184;1269495.257;1328458.9;907248.8199;1737906.981;2702270.836;613242.8444;273694.7973;1421958.973;2612011.458;3657622.449;560418.3994;4064418.956;1292182.499;1847486.495;2272495.183;2995962.749;2187496.489
Andira1;1869996.5;1014426.236;860828.6994;286695.8293;138857.4886;412552.2859;0;2054067.786;4778459.872;1821049.403;751741.2648;1257386.732;2136926.272;2378749.467;1000348.72;1498631.22;483815.7081;2054067.786;3027599.23;1040363.701;3102713.564;556651.9677;509322.9919;1181685.632;1859942.897;2905011.703;2225006.202;3337644.71;1434934.21;2905011.703;2364273.055;856942.9716;1249695.591;860828.6994;250461.3457;2286785.68;1389261.437;1492158.419;1325354.696;1673135.723;412552.2859;412552.2859;751741.2648;1010666.049;1389261.437;1869996.5;1973992.045;1973992.045;2225006.202;4778459.872;2981447.721;3337644.71;3649641.664;1010666.049;258533.8425;2770588.319;3102713.564;577177.2731;904727.229;1181685.632;1791395.236;246312.2719;2101659.722;4027058.712;785522.442;3448110.74;825437.3796;1697895.163;2059781.08;1893307.083;1095976.331;3649641.664;577177.2731;825437.3796;1040363.701;1249695.591;1893307.083;2286785.68;2770588.319;437550.7326;856942.9716;1697895.163;1276685.083;1325354.696;3071707.099;200690.5586;138857.4886;1791395.236;2981447.721;4027058.712;929854.6625;4433855.219;879630.2134;1434934.21;1859942.897;2583410.463;2600048.775
Apaporis;3142075.736;3068494.022;2914896.485;2340763.615;1915210.297;1684631.523;2054067.786;0;4333136.476;3875117.189;2023820.502;3311454.518;3409005.509;3650828.703;1900061.959;2770710.457;2537883.494;0;4299678.467;1013704.084;2657390.168;2610719.753;2563390.778;2081398.871;3914010.683;4177090.94;3497085.439;2892321.314;3489001.995;4177090.94;3636352.292;2911010.757;804372.195;2914896.485;2026814.154;1841462.285;2661340.674;1046835.023;3379422.481;1227812.327;1684631.523;1684631.523;2023820.502;2282745.286;2661340.674;3142075.736;3246071.281;3246071.281;3497085.439;4333136.476;2536124.325;2892321.314;3204318.269;2282745.286;2312601.628;2325264.924;2657390.168;1476890.513;1804440.469;2081398.871;2691108.475;2300380.058;3373738.959;3581735.316;2839590.228;3002787.344;1228630.406;2101088.19;2462974.107;1447983.687;2368055.568;3204318.269;1476890.513;1228630.406;1013704.084;804372.195;1447983.687;1841462.285;2325264.924;2491618.518;2911010.757;2101088.19;831361.6873;3379422.481;2626383.704;2254758.344;1915210.297;2691108.475;2536124.325;3581735.316;1829567.902;3988531.823;2933697.999;3489001.995;3914010.683;4637478.249;3872128.012
Apurimac1;5866467.823;5792886.108;5639288.572;5065155.701;4639602.384;4409023.609;4778459.872;4333136.476;0;6599509.276;4748212.588;6035846.604;6133397.595;6375220.79;4624454.046;5495102.543;5262275.58;4333136.476;7024070.554;3738096.171;2339996.797;5335111.84;5287782.864;4805790.958;6638402.77;6901483.026;6221477.525;2153209.139;6213394.082;6901483.026;6360744.378;5635402.844;3528764.281;5639288.572;4751206.241;2491674.192;5385732.761;3286301.454;6103814.568;3105324.149;4409023.609;4409023.609;4748212.588;5007137.373;5385732.761;5866467.823;5970463.368;5970463.368;6221477.525;0;1797012.151;2153209.139;2465206.094;5007137.373;5036993.715;2007871.553;2339996.797;4201282.599;4528832.555;4805790.958;5415500.562;5024772.144;6098131.045;751401.1605;5563982.314;2263675.17;3953022.493;4825480.276;5187366.193;2885152.789;5092447.654;2465206.094;4201282.599;3953022.493;3738096.171;3528764.281;2885152.789;2491674.192;2007871.553;5216010.605;5635402.844;4825480.276;3501774.789;6103814.568;1887271.529;4979150.431;4639602.384;5415500.562;1797012.151;751401.1605;4553959.989;344604.653;5658090.086;6213394.082;6638402.77;7361870.336;6596520.098
Arinos;3691045.903;2048668.28;1895070.743;1534353.574;1959906.892;2233601.689;1821049.403;3875117.189;6599509.276;0;2572790.668;2291628.776;3957975.675;4199798.87;2821398.123;3319680.623;2304865.111;3875117.189;4848648.634;2861413.105;4923762.967;1590894.011;1543565.035;3002735.035;2894184.941;4726061.106;4046055.605;5158694.113;2469176.253;4726061.106;4185322.458;964106.4317;3070744.994;1895070.743;2071510.749;4107835.084;3210310.841;3313207.822;495694.7078;3494185.126;2233601.689;2233601.689;2572790.668;2831715.453;3210310.841;3691045.903;3795041.448;3795041.448;4046055.605;6599509.276;4802497.125;5158694.113;5470691.068;2831715.453;2079583.246;4591637.723;4923762.967;2398226.676;2725776.632;3002735.035;3612444.639;1665980.558;3922709.125;5848108.115;1819764.485;5269160.143;2646486.783;3518944.566;3880830.483;3714356.486;2917025.734;5470691.068;2398226.676;2646486.783;2861413.105;3070744.994;3714356.486;4107835.084;4591637.723;1471792.776;964106.4317;3518944.566;3097734.486;495694.7078;4892756.503;1620358.845;1959906.892;3612444.639;4802497.125;5848108.115;2750904.066;6254904.623;1913872.257;2469176.253;2894184.941;3617652.507;4421098.179
Aripuana;1118255.235;1766167.501;1612569.964;1038437.094;612883.7762;339188.9789;751741.2648;2023820.502;4748212.588;2572790.668;0;2009127.997;1385185.007;1627008.202;970101.4354;746889.955;1235556.973;2023820.502;2275857.966;1010116.417;3072466.279;1308393.232;1261064.257;1151438.347;2611684.162;2153270.438;1473264.937;3307397.425;2186675.474;2153270.438;1612531.79;1608684.236;1219448.307;1612569.964;724487.6333;2256538.396;637520.1726;1461911.134;2077095.96;1642888.439;339188.9789;339188.9789;0;258924.7846;637520.1726;1118255.235;1222250.78;1222250.78;1473264.937;4748212.588;2951200.437;3307397.425;3619394.38;258924.7846;1010275.107;2740341.035;3072466.279;546929.9889;874479.9448;1151438.347;1761147.952;998053.5366;1349918.457;3996811.427;1537263.707;3417863.456;795190.0954;1667647.879;2029533.796;1863059.799;344235.0661;3619394.38;546929.9889;795190.0954;1010116.417;1219448.307;1863059.799;2256538.396;2740341.035;1189291.997;1608684.236;1667647.879;1246437.799;2077095.96;3041459.815;952431.8233;612883.7762;1761147.952;2951200.437;3996811.427;899607.3783;4403607.935;1631371.478;2186675.474;2611684.162;3335151.728;1848307.51
Bacaja;3127383.232;512552.5417;396558.0329;970690.9031;1396244.221;1669939.018;1257386.732;3311454.518;6035846.604;2291628.776;2009127.997;0;3394313.004;3636136.199;2257735.452;2756017.952;1741202.44;3311454.518;4284985.963;2297750.434;4360100.296;938937.2349;748063.7404;2439072.364;602556.1651;4162398.435;3482392.934;4595031.442;177547.4773;4162398.435;3621659.787;1327522.344;2507082.323;396558.0329;1507848.078;3544172.413;2646648.17;2749545.151;1795934.068;2930522.455;1669939.018;1669939.018;2009127.997;2268052.782;2646648.17;3127383.232;3231378.777;3231378.777;3482392.934;6035846.604;4238834.454;4595031.442;4907028.397;2268052.782;1515920.575;4027975.052;4360100.296;1834564.005;2162113.961;2439072.364;3048781.968;1102317.887;3359046.454;5284445.444;471864.2904;4705497.472;2082824.112;2955281.895;3317167.812;3150693.815;2353363.063;4907028.397;1834564.005;2082824.112;2297750.434;2507082.323;3150693.815;3544172.413;4027975.052;819835.9998;1327522.344;2955281.895;2534071.815;1795934.068;4329093.832;1056696.174;1396244.221;3048781.968;4238834.454;5284445.444;2187241.395;5691241.952;377756.5189;177547.4773;602556.1651;1326023.731;3857435.508
Beni;266929.7723;3151352.508;2997754.971;2423622.101;1998068.783;1724373.986;2136926.272;3409005.509;6133397.595;3957975.675;1385185.007;3394313.004;0;567691.6494;2355286.442;638295.0521;2620741.98;3409005.509;1216541.413;2395301.424;4457651.286;2693578.24;2646249.264;2536623.354;3996869.169;1093953.886;413948.3848;4692582.432;3571860.481;1093953.886;553215.2379;2993869.243;2604633.314;2997754.971;2109672.64;3641723.403;747664.8344;2847096.141;3462280.967;3028073.446;1724373.986;1724373.986;1385185.007;1126260.222;747664.8344;266929.7723;162934.2273;162934.2273;413948.3848;6133397.595;4336385.444;4692582.432;5004579.387;1126260.222;2395460.114;4125526.042;4457651.286;1932114.996;2259664.952;2536623.354;3146332.959;2383238.544;35266.54967;5381996.434;2922448.714;4803048.463;2180375.102;3052832.886;3414718.803;3248244.806;1729420.073;5004579.387;1932114.996;2180375.102;2395301.424;2604633.314;3248244.806;3641723.403;4125526.042;2574477.004;2993869.243;3052832.886;2631622.806;3462280.967;4426644.822;2337616.83;1998068.783;3146332.959;4336385.444;5381996.434;2284792.385;5788792.942;3016556.485;3571860.481;3996869.169;4720336.735;788990.958
Blanco_Baures;508752.967;3393175.703;3239578.166;2665445.296;2239891.978;1966197.181;2378749.467;3650828.703;6375220.79;4199798.87;1627008.202;3636136.199;567691.6494;0;2597109.637;880118.2468;2862565.175;3650828.703;956336.293;2637124.619;4699474.481;2935401.434;2888072.458;2778446.549;4238692.364;833748.7655;153743.2646;4934405.627;3813683.676;833748.7655;14476.4115;3235692.438;2846456.508;3239578.166;2351495.835;3883546.598;989488.0292;3088919.336;3704104.162;3269896.64;1966197.181;1966197.181;1627008.202;1368083.417;989488.0292;508752.967;404757.4221;404757.4221;153743.2646;6375220.79;4578208.639;4934405.627;5246402.582;1368083.417;2637283.309;4367349.237;4699474.481;2173938.191;2501488.147;2778446.549;3388156.153;2625061.738;532425.0997;5623819.629;3164271.909;5044871.658;2422198.297;3294656.08;3656541.998;3490068;1971243.268;5246402.582;2173938.191;2422198.297;2637124.619;2846456.508;3490068;3883546.598;4367349.237;2816300.199;3235692.438;3294656.08;2873446.001;3704104.162;4668468.017;2579440.025;2239891.978;3388156.153;4578208.639;5623819.629;2526615.58;6030616.137;3258379.68;3813683.676;4238692.364;4962159.93;528785.8378
Branco;2088356.67;2014774.956;1861177.419;1287044.549;861491.231;630912.4565;1000348.72;1900061.959;4624454.046;2821398.123;970101.4354;2257735.452;2355286.442;2597109.637;0;1716991.39;1484164.428;1900061.959;3245959.401;886357.8748;2948707.737;1557000.687;1509671.711;181336.912;2860291.617;3123371.874;2443366.373;3183638.883;2435282.929;3123371.874;2582633.226;1857291.691;1095689.764;1861177.419;973095.0881;2132779.854;1607621.608;1338152.592;2325703.415;1519129.896;630912.4565;630912.4565;970101.4354;1229026.22;1607621.608;2088356.67;2192352.215;2192352.215;2443366.373;4624454.046;2827441.895;3183638.883;3495635.838;1229026.22;1258882.562;2616582.493;2948707.737;423171.4465;95621.4906;181336.912;791046.5163;1246660.991;2320019.893;3873052.885;1785871.162;3294104.913;671431.553;1543889.336;1905775.253;1739301.256;1314336.501;3495635.838;423171.4465;671431.553;886357.8748;1095689.764;1739301.256;2132779.854;2616582.493;1437899.452;1857291.691;1543889.336;1122679.256;2325703.415;2917701.273;1201039.278;861491.231;791046.5163;2827441.895;3873052.885;70494.05706;4279849.393;1879978.933;2435282.929;2860291.617;3583759.183;2818408.946
Candeias;371365.2798;2513057.456;2359459.919;1785327.049;1359773.731;1086078.934;1498631.22;2770710.457;5495102.543;3319680.623;746889.955;2756017.952;638295.0521;880118.2468;1716991.39;0;1982446.928;2770710.457;1528968.011;1757006.372;3819356.234;2055283.187;2007954.212;1898328.302;3358574.117;1406380.483;726374.9823;4054287.38;2933565.429;1406380.483;865641.8353;2355574.191;1966338.262;2359459.919;1471377.588;3003428.351;109369.7823;2208801.089;2823985.915;2389778.394;1086078.934;1086078.934;746889.955;487965.1703;109369.7823;371365.2798;475360.8248;475360.8248;726374.9823;5495102.543;3698090.392;4054287.38;4366284.335;487965.1703;1757165.062;3487230.99;3819356.234;1293819.944;1621369.9;1898328.302;2508037.907;1744943.492;603028.5024;4743701.382;2284153.662;4164753.411;1542080.05;2414537.834;2776423.751;2609949.754;1091125.021;4366284.335;1293819.944;1542080.05;1757006.372;1966338.262;2609949.754;3003428.351;3487230.99;1936181.952;2355574.191;2414537.834;1993327.754;2823985.915;3788349.77;1699321.778;1359773.731;2508037.907;3698090.392;4743701.382;1646497.333;5150497.89;2378261.433;2933565.429;3358574.117;4082041.683;1101417.555
Canuma;2353812.208;1498241.944;1344644.408;770511.5374;622673.1967;896367.994;483815.7081;2537883.494;5262275.58;2304865.111;1235556.973;1741202.44;2620741.98;2862565.175;1484164.428;1982446.928;0;2537883.494;3511414.939;1524179.41;3586529.272;1040467.676;993138.7;1665501.34;2343758.606;3388827.411;2708821.91;3821460.418;1918749.918;3388827.411;2848088.763;1340758.68;1733511.299;1344644.408;734277.0539;2770601.389;1873077.146;1975974.127;1809170.404;2156951.431;896367.994;896367.994;1235556.973;1494481.758;1873077.146;2353812.208;2457807.753;2457807.753;2708821.91;5262275.58;3465263.429;3821460.418;4133457.373;1494481.758;225281.8656;3254404.028;3586529.272;1060992.981;1388542.937;1665501.34;2275210.944;730127.98;2585475.43;4510874.42;1269338.15;3931926.448;1309253.088;2181710.871;2543596.788;2377122.791;1579792.039;4133457.373;1060992.981;1309253.088;1524179.41;1733511.299;2377122.791;2770601.389;3254404.028;921366.4407;1340758.68;2181710.871;1760500.791;1809170.404;3555522.807;684506.2667;622673.1967;2275210.944;3465263.429;4510874.42;1413670.371;4917670.927;1363445.922;1918749.918;2343758.606;3067226.171;3083864.483
Caqueta1;3142075.736;3068494.022;2914896.485;2340763.615;1915210.297;1684631.523;2054067.786;0;4333136.476;3875117.189;2023820.502;3311454.518;3409005.509;3650828.703;1900061.959;2770710.457;2537883.494;0;4299678.467;1013704.084;2657390.168;2610719.753;2563390.778;2081398.871;3914010.683;4177090.94;3497085.439;2892321.314;3489001.995;4177090.94;3636352.292;2911010.757;804372.195;2914896.485;2026814.154;1841462.285;2661340.674;1046835.023;3379422.481;1227812.327;1684631.523;1684631.523;2023820.502;2282745.286;2661340.674;3142075.736;3246071.281;3246071.281;3497085.439;4333136.476;2536124.325;2892321.314;3204318.269;2282745.286;2312601.628;2325264.924;2657390.168;1476890.513;1804440.469;2081398.871;2691108.475;2300380.058;3373738.959;3581735.316;2839590.228;3002787.344;1228630.406;2101088.19;2462974.107;1447983.687;2368055.568;3204318.269;1476890.513;1228630.406;1013704.084;804372.195;1447983.687;1841462.285;2325264.924;2491618.518;2911010.757;2101088.19;831361.6873;3379422.481;2626383.704;2254758.344;1915210.297;2691108.475;2536124.325;3581735.316;1829567.902;3988531.823;2933697.999;3489001.995;3914010.683;4637478.249;3872128.012
Chapare;1157602.731;4042025.467;3888427.93;3314295.06;2888741.742;2615046.945;3027599.23;4299678.467;7024070.554;4848648.634;2275857.966;4284985.963;1216541.413;956336.293;3245959.401;1528968.011;3511414.939;4299678.467;0;3285974.383;5348324.245;3584251.198;3536922.222;3427296.313;4887542.128;122587.5275;802593.0284;5583255.391;4462533.44;122587.5275;941859.8815;3884542.202;3495306.272;3888427.93;3000345.599;4532396.362;1638337.793;3737769.1;4352953.926;3918746.404;2615046.945;2615046.945;2275857.966;2016933.181;1638337.793;1157602.731;1053607.186;1053607.186;802593.0284;7024070.554;5227058.403;5583255.391;5895252.346;2016933.181;3286133.073;5016199.001;5348324.245;2822787.955;3150337.91;3427296.313;4037005.917;3273911.502;1181274.864;6272669.393;3813121.672;5693721.421;3071048.061;3943505.844;4305391.762;4138917.764;2620093.032;5895252.346;2822787.955;3071048.061;3285974.383;3495306.272;4138917.764;4532396.362;5016199.001;3465149.963;3884542.202;3943505.844;3522295.764;4352953.926;5317317.781;3228289.789;2888741.742;4037005.917;5227058.403;6272669.393;3175465.344;6679465.901;3907229.444;4462533.44;4887542.128;5611009.694;427550.4553
Coari;2128371.652;2054789.938;1901192.401;1327059.531;901506.2128;670927.4383;1040363.701;1013704.084;3738096.171;2861413.105;1010116.417;2297750.434;2395301.424;2637124.619;886357.8748;1757006.372;1524179.41;1013704.084;3285974.383;0;2062349.862;1597015.669;1549686.693;1067694.787;2900306.599;3163386.855;2483381.354;2297281.008;2475297.911;3163386.855;2622648.208;1897306.673;209331.8893;1901192.401;1013110.07;1246421.979;1647636.59;451794.7171;2365718.397;632772.0214;670927.4383;670927.4383;1010116.417;1269041.202;1647636.59;2128371.652;2232367.197;2232367.197;2483381.354;3738096.171;1941084.02;2297281.008;2609277.963;1269041.202;1298897.544;1730224.618;2062349.862;463186.4283;790736.3842;1067694.787;1677404.391;1286675.973;2360034.875;2986695.01;1825886.143;2407747.038;214926.3219;1087384.105;1449270.022;852943.3813;1354351.483;2609277.963;463186.4283;214926.3219;0;209331.8893;852943.3813;1246421.979;1730224.618;1477914.434;1897306.673;1087384.105;236321.3816;2365718.397;2031343.398;1241054.26;901506.2128;1677404.391;1941084.02;2986695.01;815863.8178;3393491.518;1919993.915;2475297.911;2900306.599;3623774.165;2858423.928
Curaray;4190721.514;4117139.8;3963542.263;3389409.393;2963856.075;2733277.301;3102713.564;2657390.168;2339996.797;4923762.967;3072466.279;4360100.296;4457651.286;4699474.481;2948707.737;3819356.234;3586529.272;2657390.168;5348324.245;2062349.862;0;3659365.531;3612036.556;3130044.649;4962656.461;5225736.718;4545731.217;899181.6344;4537647.773;5225736.718;4684998.07;3959656.535;1853017.973;3963542.263;3075459.932;815927.8832;3709986.452;1610555.145;4428068.259;1429577.841;2733277.301;2733277.301;3072466.279;3331391.064;3709986.452;4190721.514;4294717.059;4294717.059;4545731.217;2339996.797;542984.6461;899181.6344;1211178.589;3331391.064;3361247.406;332125.2442;0;2525536.291;2853086.246;3130044.649;3739754.253;3349025.835;4422384.737;1588595.637;3888236.006;1009647.665;2277276.184;3149733.967;3511619.885;1209406.481;3416701.345;1211178.589;2525536.291;2277276.184;2062349.862;1853017.973;1209406.481;815927.8832;332125.2442;3540264.296;3959656.535;3149733.967;1826028.481;4428068.259;633244.0242;3303404.122;2963856.075;3739754.253;542984.6461;1588595.637;2878213.68;1995392.144;3982343.777;4537647.773;4962656.461;5686124.027;4920773.79
Curua;2426648.467;695976.7388;542379.2021;269956.1385;695509.4563;969204.2536;556651.9677;2610719.753;5335111.84;1590894.011;1308393.232;938937.2349;2693578.24;2935401.434;1557000.687;2055283.187;1040467.676;2610719.753;3584251.198;1597015.669;3659365.531;0;190873.4945;1738337.599;1541493.4;3461663.671;2781658.17;3894296.677;1116484.712;3461663.671;2920925.023;626787.5795;1806347.558;542379.2021;807113.3134;2843437.648;1945913.405;2048810.386;1095199.303;2229787.69;969204.2536;969204.2536;1308393.232;1567318.017;1945913.405;2426648.467;2530644.012;2530644.012;2781658.17;5335111.84;3538099.689;3894296.677;4206293.632;1567318.017;815185.8102;3327240.287;3659365.531;1133829.241;1461379.197;1738337.599;2348047.204;401583.1224;2658311.69;4583710.679;467072.9446;4004762.708;1382089.347;2254547.131;2616433.048;2449959.05;1652628.299;4206293.632;1133829.241;1382089.347;1597015.669;1806347.558;2449959.05;2843437.648;3327240.287;119101.2352;626787.5795;2254547.131;1833337.051;1095199.303;3628359.067;355961.4091;695509.4563;2348047.204;3538099.689;4583710.679;1486506.63;4990507.187;561180.716;1116484.712;1541493.4;2264960.966;3156700.743
Curua_Una;2379319.491;505103.2443;351505.7076;222627.1626;648180.4805;921875.2777;509322.9919;2563390.778;5287782.864;1543565.035;1261064.257;748063.7404;2646249.264;2888072.458;1509671.711;2007954.212;993138.7;2563390.778;3536922.222;1549686.693;3612036.556;190873.4945;0;1691008.623;1350619.905;3414334.695;2734329.194;3846967.701;925611.2177;3414334.695;2873596.047;579458.6037;1759018.583;351505.7076;759784.3376;2796108.672;1898584.429;2001481.41;1047870.328;2182458.715;921875.2777;921875.2777;1261064.257;1519989.041;1898584.429;2379319.491;2483315.036;2483315.036;2734329.194;5287782.864;3490770.713;3846967.701;4158964.656;1519989.041;767856.8344;3279911.311;3612036.556;1086500.265;1414050.221;1691008.623;2300718.228;354254.1466;2610982.714;4536381.704;276199.4501;3957433.732;1334760.371;2207218.155;2569104.072;2402630.075;1605299.323;4158964.656;1086500.265;1334760.371;1549686.693;1759018.583;2402630.075;2796108.672;3279911.311;71772.25934;579458.6037;2207218.155;1786008.075;1047870.328;3581030.091;308632.4333;648180.4805;2300718.228;3490770.713;4536381.704;1439177.654;4943178.211;370307.2215;925611.2177;1350619.905;2074087.471;3109371.767
Demini;2269693.582;2196111.868;2042514.331;1468381.461;1042828.143;812249.3684;1181685.632;2081398.871;4805790.958;3002735.035;1151438.347;2439072.364;2536623.354;2778446.549;181336.912;1898328.302;1665501.34;2081398.871;3427296.313;1067694.787;3130044.649;1738337.599;1691008.623;0;3041628.529;3304708.785;2624703.285;3364975.795;2616619.841;3304708.785;2763970.138;2038628.603;1277026.676;2042514.331;1154432;2314116.766;1788958.52;1519489.504;2507040.327;1700466.808;812249.3684;812249.3684;1151438.347;1410363.132;1788958.52;2269693.582;2373689.127;2373689.127;2624703.285;4805790.958;3008778.807;3364975.795;3676972.75;1410363.132;1440219.474;2797919.405;3130044.649;604508.3584;276958.4026;0;609709.6043;1427997.903;2501356.805;4054389.797;1967208.073;3475441.825;852768.4649;1725226.248;2087112.165;1920638.168;1495673.413;3676972.75;604508.3584;852768.4649;1067694.787;1277026.676;1920638.168;2314116.766;2797919.405;1619236.364;2038628.603;1725226.248;1304016.168;2507040.327;3099038.185;1382376.19;1042828.143;609709.6043;3008778.807;4054389.797;251830.969;4461186.305;2061315.845;2616619.841;3041628.529;3765096.095;2999745.858
Fresco;3729939.397;1115108.707;999114.1979;1573247.068;1998800.386;2272495.183;1859942.897;3914010.683;6638402.77;2894184.941;2611684.162;602556.1651;3996869.169;4238692.364;2860291.617;3358574.117;2343758.606;3914010.683;4887542.128;2900306.599;4962656.461;1541493.4;1350619.905;3041628.529;0;4764954.6;4084949.099;5197587.607;425008.6878;4764954.6;4224215.952;1930078.509;3109638.488;999114.1979;2110404.243;4146728.578;3249204.335;3352101.316;2398490.233;3533078.62;2272495.183;2272495.183;2611684.162;2870608.947;3249204.335;3729939.397;3833934.942;3833934.942;4084949.099;6638402.77;4841390.619;5197587.607;5509584.562;2870608.947;2118476.74;4630531.217;4962656.461;2437120.17;2764670.126;3041628.529;3651338.133;1704874.052;3961602.62;5887001.609;1074420.455;5308053.637;2685380.277;3557838.06;3919723.977;3753249.98;2955919.228;5509584.562;2437120.17;2685380.277;2900306.599;3109638.488;3753249.98;4146728.578;4630531.217;1422392.165;1930078.509;3557838.06;3136627.98;2398490.233;4931649.997;1659252.339;1998800.386;3651338.133;4841390.619;5887001.609;2789797.56;6293798.117;980312.684;425008.6878;0;723467.566;4459991.673
Grande;1035015.203;3919437.939;3765840.402;3191707.532;2766154.214;2492459.417;2905011.703;4177090.94;6901483.026;4726061.106;2153270.438;4162398.435;1093953.886;833748.7655;3123371.874;1406380.483;3388827.411;4177090.94;122587.5275;3163386.855;5225736.718;3461663.671;3414334.695;3304708.785;4764954.6;0;680005.5009;5460667.864;4339945.913;0;819272.354;3761954.675;3372718.745;3765840.402;2877758.071;4409808.834;1515750.266;3615181.573;4230366.399;3796158.877;2492459.417;2492459.417;2153270.438;1894345.654;1515750.266;1035015.203;931019.6584;931019.6584;680005.5009;6901483.026;5104470.875;5460667.864;5772664.818;1894345.654;3163545.545;4893611.473;5225736.718;2700200.427;3027750.383;3304708.785;3914418.39;3151323.975;1058687.336;6150081.866;3690534.145;5571133.894;2948460.534;3820918.317;4182804.234;4016330.237;2497505.504;5772664.818;2700200.427;2948460.534;3163386.855;3372718.745;4016330.237;4409808.834;4893611.473;3342562.435;3761954.675;3820918.317;3399708.237;4230366.399;5194730.253;3105702.262;2766154.214;3914418.39;5104470.875;6150081.866;3052877.816;6556878.373;3784641.916;4339945.913;4764954.6;5488422.166;304962.9277
Guapore;355009.7025;3239432.438;3085834.901;2511702.031;2086148.713;1812453.916;2225006.202;3497085.439;6221477.525;4046055.605;1473264.937;3482392.934;413948.3848;153743.2646;2443366.373;726374.9823;2708821.91;3497085.439;802593.0284;2483381.354;4545731.217;2781658.17;2734329.194;2624703.285;4084949.099;680005.5009;0;4780662.363;3659940.412;680005.5009;139266.8531;3081949.174;2692713.244;3085834.901;2197752.571;3729803.333;835744.7646;2935176.072;3550360.898;3116153.376;1812453.916;1812453.916;1473264.937;1214340.153;835744.7646;355009.7025;251014.1575;251014.1575;0;6221477.525;4424465.374;4780662.363;5092659.318;1214340.153;2483540.045;4213605.972;4545731.217;2020194.926;2347744.882;2624703.285;3234412.889;2471318.474;378681.8351;5470076.365;3010528.644;4891128.393;2268455.033;3140912.816;3502798.733;3336324.736;1817500.003;5092659.318;2020194.926;2268455.033;2483381.354;2692713.244;3336324.736;3729803.333;4213605.972;2662556.935;3081949.174;3140912.816;2719702.736;3550360.898;4514724.752;2425696.761;2086148.713;3234412.889;4424465.374;5470076.365;2372872.316;5876872.872;3104636.415;3659940.412;4084949.099;4808416.665;375042.5732
Huallaga;4425652.66;4352070.946;4198473.409;3624340.539;3198787.221;2968208.446;3337644.71;2892321.314;2153209.139;5158694.113;3307397.425;4595031.442;4692582.432;4934405.627;3183638.883;4054287.38;3821460.418;2892321.314;5583255.391;2297281.008;899181.6344;3894296.677;3846967.701;3364975.795;5197587.607;5460667.864;4780662.363;0;4772578.919;5460667.864;4919929.216;4194587.681;2087949.119;4198473.409;3310391.078;1050859.029;3944917.598;1845486.291;4662999.405;1664508.987;2968208.446;2968208.446;3307397.425;3566322.21;3944917.598;4425652.66;4529648.205;4529648.205;4780662.363;2153209.139;356196.9883;0;311996.9549;3566322.21;3596178.552;567056.3902;899181.6344;2760467.436;3088017.392;3364975.795;3974685.399;3583956.981;4657315.883;1401807.979;4123167.151;110466.0303;2512207.33;3384665.113;3746551.03;1444337.627;3651632.491;311996.9549;2760467.436;2512207.33;2297281.008;2087949.119;1444337.627;1050859.029;567056.3902;3775195.442;4194587.681;3384665.113;2060959.627;4662999.405;265937.6102;3538335.268;3198787.221;3974685.399;356196.9883;1401807.979;3113144.826;1808604.486;4217274.923;4772578.919;5197587.607;5921055.173;5155704.936
Iriri;3304930.709;690100.019;574105.5101;1148238.38;1573791.698;1847486.495;1434934.21;3489001.995;6213394.082;2469176.253;2186675.474;177547.4773;3571860.481;3813683.676;2435282.929;2933565.429;1918749.918;3489001.995;4462533.44;2475297.911;4537647.773;1116484.712;925611.2177;2616619.841;425008.6878;4339945.913;3659940.412;4772578.919;0;4339945.913;3799207.265;1505069.821;2684629.8;574105.5101;1685395.555;3721719.89;2824195.647;2927092.628;1973481.545;3108069.932;1847486.495;1847486.495;2186675.474;2445600.259;2824195.647;3304930.709;3408926.254;3408926.254;3659940.412;6213394.082;4416381.931;4772578.919;5084575.874;2445600.259;1693468.052;4205522.529;4537647.773;2012111.483;2339661.439;2616619.841;3226329.445;1279865.364;3536593.932;5461992.921;649411.7676;4883044.949;2260371.589;3132829.372;3494715.29;3328241.292;2530910.54;5084575.874;2012111.483;2260371.589;2475297.911;2684629.8;3328241.292;3721719.89;4205522.529;997383.477;1505069.821;3132829.372;2711619.293;1973481.545;4506641.309;1234243.651;1573791.698;3226329.445;4416381.931;5461992.921;2364788.872;5868789.429;555303.9962;0;425008.6878;1148476.254;4034982.985
Isiboro;1035015.203;3919437.939;3765840.402;3191707.532;2766154.214;2492459.417;2905011.703;4177090.94;6901483.026;4726061.106;2153270.438;4162398.435;1093953.886;833748.7655;3123371.874;1406380.483;3388827.411;4177090.94;122587.5275;3163386.855;5225736.718;3461663.671;3414334.695;3304708.785;4764954.6;0;680005.5009;5460667.864;4339945.913;0;819272.354;3761954.675;3372718.745;3765840.402;2877758.071;4409808.834;1515750.266;3615181.573;4230366.399;3796158.877;2492459.417;2492459.417;2153270.438;1894345.654;1515750.266;1035015.203;931019.6584;931019.6584;680005.5009;6901483.026;5104470.875;5460667.864;5772664.818;1894345.654;3163545.545;4893611.473;5225736.718;2700200.427;3027750.383;3304708.785;3914418.39;3151323.975;1058687.336;6150081.866;3690534.145;5571133.894;2948460.534;3820918.317;4182804.234;4016330.237;2497505.504;5772664.818;2700200.427;2948460.534;3163386.855;3372718.745;4016330.237;4409808.834;4893611.473;3342562.435;3761954.675;3820918.317;3399708.237;4230366.399;5194730.253;3105702.262;2766154.214;3914418.39;5104470.875;6150081.866;3052877.816;6556878.373;3784641.916;4339945.913;4764954.6;5488422.166;304962.9277
Itonamas;494276.5556;3378699.291;3225101.755;2650968.884;2225415.566;1951720.769;2364273.055;3636352.292;6360744.378;4185322.458;1612531.79;3621659.787;553215.2379;14476.4115;2582633.226;865641.8353;2848088.763;3636352.292;941859.8815;2622648.208;4684998.07;2920925.023;2873596.047;2763970.138;4224215.952;819272.354;139266.8531;4919929.216;3799207.265;819272.354;0;3221216.027;2831980.097;3225101.755;2337019.424;3869070.187;975011.6177;3074442.925;3689627.751;3255420.229;1951720.769;1951720.769;1612531.79;1353607.006;975011.6177;494276.5556;390281.0106;390281.0106;139266.8531;6360744.378;4563732.227;4919929.216;5231926.171;1353607.006;2622806.898;4352872.826;4684998.07;2159461.779;2487011.735;2763970.138;3373679.742;2610585.327;517948.6882;5609343.218;3149795.497;5030395.246;2407721.886;3280179.669;3642065.586;3475591.589;1956766.856;5231926.171;2159461.779;2407721.886;2622648.208;2831980.097;3475591.589;3869070.187;4352872.826;2801823.788;3221216.027;3280179.669;2858969.589;3689627.751;4653991.605;2564963.614;2225415.566;3373679.742;4563732.227;5609343.218;2512139.169;6016139.725;3243903.268;3799207.265;4224215.952;4947683.518;514309.4263
Jamanxim;2726939.471;1084561.848;930964.3112;570247.1423;995800.4602;1269495.257;856942.9716;2911010.757;5635402.844;964106.4317;1608684.236;1327522.344;2993869.243;3235692.438;1857291.691;2355574.191;1340758.68;2911010.757;3884542.202;1897306.673;3959656.535;626787.5795;579458.6037;2038628.603;1930078.509;3761954.675;3081949.174;4194587.681;1505069.821;3761954.675;3221216.027;0;2106638.562;930964.3112;1107404.317;3143728.652;2246204.409;2349101.39;468411.724;2530078.694;1269495.257;1269495.257;1608684.236;1867609.021;2246204.409;2726939.471;2830935.016;2830935.016;3081949.174;5635402.844;3838390.693;4194587.681;4506584.636;1867609.021;1115476.814;3627531.291;3959656.535;1434120.245;1761670.201;2038628.603;2648338.207;701874.1263;2958602.694;4884001.683;855658.0537;4305053.711;1682380.351;2554838.134;2916724.052;2750250.054;1952919.302;4506584.636;1434120.245;1682380.351;1897306.673;2106638.562;2750250.054;3143728.652;3627531.291;507686.3443;0;2554838.134;2133628.055;468411.724;3928650.071;656252.413;995800.4602;2648338.207;3838390.693;4884001.683;1786797.634;5290798.191;949765.8252;1505069.821;1930078.509;2653546.075;3456991.747
Japura1;2337703.541;2264121.827;2110524.29;1536391.42;1110838.102;880259.3277;1249695.591;804372.195;3528764.281;3070744.994;1219448.307;2507082.323;2604633.314;2846456.508;1095689.764;1966338.262;1733511.299;804372.195;3495306.272;209331.8893;1853017.973;1806347.558;1759018.583;1277026.676;3109638.488;3372718.745;2692713.244;2087949.119;2684629.8;3372718.745;2831980.097;2106638.562;0;2110524.29;1222441.959;1037090.09;1856968.479;242462.8278;2575050.286;423440.132;880259.3277;880259.3277;1219448.307;1478373.091;1856968.479;2337703.541;2441699.086;2441699.086;2692713.244;3528764.281;1731752.13;2087949.119;2399946.074;1478373.091;1508229.433;1520892.729;1853017.973;672518.3177;1000068.274;1277026.676;1886736.28;1496007.863;2569366.764;2777363.121;2035218.033;2198415.149;424258.2112;1296715.994;1658601.912;643611.492;1563683.373;2399946.074;672518.3177;424258.2112;209331.8893;0;643611.492;1037090.09;1520892.729;1687246.323;2106638.562;1296715.994;26989.49223;2575050.286;1822011.509;1450386.149;1110838.102;1886736.28;1731752.13;2777363.121;1025195.707;3184159.628;2129325.804;2684629.8;3109638.488;3833106.054;3067755.817
Jari;2730825.199;153597.5367;0;574132.8702;999686.1881;1273380.985;860828.6994;2914896.485;5639288.572;1895070.743;1612569.964;396558.0329;2997754.971;3239578.166;1861177.419;2359459.919;1344644.408;2914896.485;3888427.93;1901192.401;3963542.263;542379.2021;351505.7076;2042514.331;999114.1979;3765840.402;3085834.901;4198473.409;574105.5101;3765840.402;3225101.755;930964.3112;2110524.29;0;1111290.045;3147614.38;2250090.137;2352987.118;1399376.035;2533964.422;1273380.985;1273380.985;1612569.964;1871494.749;2250090.137;2730825.199;2834820.744;2834820.744;3085834.901;5639288.572;3842276.421;4198473.409;4510470.364;1871494.749;1119362.542;3631417.019;3963542.263;1438005.973;1765555.928;2042514.331;2652223.935;705759.8542;2962488.422;4887887.411;75306.25749;4308939.439;1686266.079;2558723.862;2920609.78;2754135.782;1956805.03;4510470.364;1438005.973;1686266.079;1901192.401;2110524.29;2754135.782;3147614.38;3631417.019;423277.9669;930964.3112;2558723.862;2137513.782;1399376.035;3932535.799;660138.1409;999686.1881;2652223.935;3842276.421;4887887.411;1790683.362;5294683.919;18801.51393;574105.5101;999114.1979;1722581.764;3460877.475
