"Abuna";"Amazon1";"Amazon2";"Amazon5";"Amazon8";"Amazon9";"Andira1";"Apaporis";"Apurimac1";"Arinos";"Aripuana";"Bacaja";"Beni";"Blanco_Baures";"Branco";"Candeias";"Canuma";"Caqueta1";"Chapare";"Coari";"Curaray";"Curua";"Curua_Una";"Demini";"Fresco";"Grande";"Guapore";"Huallaga";"Iriri";"Isiboro";"Itonamas";"Jamanxim";"Japura1";"Jari";"Jatapu";"Javary1";"Jiparana";"Jurua1";"Juruena1";"Jutai";"Luna";"Madera1";"Madera2";"Madera3";"Madera4";"Madera6";"Madre_Dios";"Mamore1";"Mamore2";"Mantaro";"Maranon1";"Maranon3";"Maranon5";"Marmelos";"Maues";"Napo1";"Napo2";"Negro1";"Negro2";"Negro3";"Negro5";"Nhamunda";"Orthon";"Pachitea";"Paru_Este";"Pastaza";"Purus1";"Purus2";"Purus3";"Putumayo";"Roosevelt";"Santiago";"Solimoes1";"Solimoes2";"Solimoes3";"Solimoes4";"Solimoes7";"Solimoes8";"Solimoes9";"Tapajos1";"Tapajos2";"Tapaua";"Tefe";"Teles_Pires";"Tigre";"Trombetas1";"Uatuma1";"Uaupes";"Ucayali1";"Ucayali2";"Unini";"Urubamba";"Xingu1";"Xingu3";"Xingu4";"Xingu6";"Yacuma"
"Abuna";0;1.05439464444144;0.871624106551163;0.875316653971537;0.833759191042992;0.841672836754533;0.764926851218436;0.875475742340196;1.17662214859641;1.15156750349935;0.796534087676437;0.955380984916385;0.664712892858579;0.633283579623022;0.942868749580468;0.681026949705794;0.83292489307518;0.777583147933764;0.661450191478945;0.741721621752607;0.750741884808677;1.1680022658258;0.946712222387692;1.11100898622328;0.907480752534515;0.894949730297331;0.700404363040017;0.92724635232478;0.854784089021773;0.723737085561276;0.655680909553812;0.820896329532379;0.837195762428848;0.964857424619968;1.02854954050453;0.7403927749147;0.719023689233549;0.770325474729699;0.95418144071034;0.739646349753617;0.781840143076361;0.778214599273088;0.749573422486104;0.755537693472367;0.751060339021737;0.553503868128075;0.715961890252201;0.656382977523359;0.659060694287615;1.12625037159558;0.781141187434584;0.935747416188183;1.13698999304554;0.763097899942757;0.830350635621155;0.778820705114878;0.693296280765046;0.898012799860597;0.985818616100245;0.993084536512254;0.967095988665149;0.962663208385667;0.609359028796936;0.989395910266462;1.03038025080136;0.838737512161781;0.855905331271624;0.836929418105858;0.693452038451044;0.830717062729526;0.951520747816513;0.895529275842692;0.89611097081318;0.843241344335354;0.844611916945941;0.786703991817197;0.773144720711763;0.799477767735938;0.83185384251645;0.850005233301585;0.789484486741024;1.14463795020161;0.777825206189512;0.799728206303136;0.862383368425949;0.82404736344786;0.867081935052941;0.944421419307745;0.759286100998179;0.977478220271772;0.926573660210521;0.999351304288788;0.903754320822295;0.948640089693591;1.00703159406704;0.886790642830237;0.785722809350956
"Amazon1";1.05439464444144;0;0.817222899773487;0.867024498347254;0.864238758445886;0.805171532260196;0.976655932754108;1.18917982029417;1.23013529927092;1.02245382255637;0.937144433690975;0.954145437671963;0.968702365730291;1.02575600843998;0.924081485480475;0.885022557732657;0.939336103204256;0.98133399535449;1.00001696556964;0.842574838867727;0.981083583667281;1.06629515116188;0.77060299046399;0.970736150169551;1.01710248744768;1.29468399021926;0.979064211067124;1.17667761327899;0.927317379444986;1.09366343149441;0.964518249512552;0.936145089136658;0.929873920865334;0.719872746544542;0.966893802121967;0.940222999862923;0.930004666998339;0.86956946860298;0.921920818296618;0.809756642860784;0.855392291089207;0.820193450869456;0.859297273160367;0.912064378337328;0.921004804405984;0.947683116300401;0.981271649691537;0.886844229920791;0.961399373736089;1.15383368121841;0.993059390849541;1.05990708891387;1.19829592027383;0.958027455875716;0.940465976251294;1.01498432341499;1.05707155004528;0.885578775485544;0.930780300247725;0.929241725912409;0.981616436653591;0.969959802060744;0.934820544794818;1.23270510927781;1.07938307621915;1.07435448879372;0.883136376659546;0.94961820747173;0.968029501530147;0.914678771246073;0.981316927866951;1.0117591670287;0.927596681845123;0.850803101902506;0.987359337664238;0.827537555370003;0.887546287031211;0.988635170966336;0.937095131294378;0.866467220798547;0.878694517497233;1.01545298915265;0.88547919926502;0.991421860600692;1.11381020337986;0.852871683661231;0.898186160132767;0.988012094334103;0.951362997019311;1.1422392598659;1.01078923107944;1.22526424267704;0.818958871598433;0.95782584106539;0.949399857124956;0.875901038467216;1.10923314192167
"Amazon2";0.871624106551163;0.817222899773487;0;0.357686369908207;0.506884403369523;0.484416675579681;0.713143201693428;1.06273897144388;1.20989688691857;1.20553479619469;0.669283223289328;1.03846368996863;0.807132760188345;0.859740852956686;0.753330034135951;0.652272891277323;0.762086107566758;0.87041562384926;0.94315174125279;0.597112389039447;0.787731863671788;1.14776140927445;0.795773455197864;1.05453181084756;1.00067825040936;1.29765133354288;0.760377149002966;1.05396286020922;0.92311506972515;0.999408137194519;0.781261811152575;0.934545932855855;0.688542314909629;0.831437592599048;1.00670119777123;0.632907084159671;0.677080564257426;0.620604042969878;1.03782949301216;0.718518569329061;0.50554691890274;0.505009628444983;0.646260304566491;0.680783993525076;0.609130232763182;0.748447637040475;0.829995074397495;0.657013008510721;0.73241304438781;1.12275847910473;0.876409147448975;1.09970522325747;1.2327850640608;0.892656486032885;0.906985951705366;0.924812766396134;0.860554117796485;0.491004306085893;0.858289806041802;1.00936084310604;1.10099548028051;0.921546306263556;0.813948538339491;1.20394593504404;1.00524636180806;0.956875681293371;0.552633188322006;0.899765836708297;0.82471638977179;0.613377814859464;1.0231872604124;1.00437329508006;0.471645813598871;0.686971134776417;0.717876996044951;0.581215916258306;0.792183267632828;0.750440785618759;0.81559181197529;0.368327344171634;0.812890790946174;1.08016354731894;0.473809416287922;0.852057050144468;1.05728861398238;0.524612884351277;0.676401031177026;1.08521431306315;0.707801672478368;1.09201547608096;0.943369009870884;1.18622551754252;0.541937468385285;0.988743075724396;1.12766472125466;0.941640216714269;1.04555712446395
"Amazon5";0.875316653971537;0.867024498347254;0.357686369908207;0;0.468442058458173;0.514665825714597;0.673932267695896;1.00381148678048;1.19225341720607;1.16042136026969;0.636235720324386;1.01879626564304;0.786754730878907;0.789824437746079;0.712500729493189;0.574092354364041;0.752366209074612;0.759358186666844;0.926763106160351;0.588418592321313;0.715633875807516;1.14826451731561;0.796614140183062;0.997103635753837;0.985458975012812;1.29949388775858;0.679119967542279;1.04668409505542;0.952979240434132;0.976806135730395;0.731992646773231;0.943147677655289;0.616659166165513;0.936327458650959;0.952611355918712;0.598660459489574;0.621530023078424;0.572977669629316;0.979490658655832;0.655869093934912;0.486445015483046;0.51922498904064;0.601821705263297;0.649319667616834;0.541409407591719;0.716160432011917;0.834149816198584;0.590028248393844;0.72209665748741;1.11020673866696;0.839383495784093;1.07969535884037;1.21961942328988;0.846419464992188;0.858809058776469;0.927778359779192;0.79941261793458;0.490030986524631;0.806610599998888;0.899157048573976;0.989277438449021;0.83994632485523;0.786250245137708;1.18219585973301;0.990875630643757;0.897816530541915;0.501559126624913;0.856820035703309;0.829072685559911;0.603378627665536;1.00031959767251;0.959746777265949;0.483022038055401;0.683073156913305;0.686162662076552;0.528339135483596;0.779389893781851;0.724383050531263;0.7586753609072;0.344407654478042;0.792628447300265;1.03110040309093;0.456157843685361;0.820731484840019;1.03354146359474;0.398643027780815;0.617958060734589;0.982524155807229;0.722171342036429;1.07591202878393;0.888169186734033;1.20490643657874;0.547136498449213;0.98534189313878;1.10417394653567;0.897479332180285;1.01871046897307
"Amazon8";0.833759191042992;0.864238758445886;0.506884403369523;0.468442058458173;0;0.353344853007993;0.580643471480514;0.974639479100522;1.20770850714609;1.18672955554488;0.545347959537494;1.00760439724484;0.804521444484192;0.761932261832488;0.636480970634998;0.499533793226448;0.644535900852504;0.779062073330115;0.924451192272332;0.483541311090466;0.749208422875586;1.16143782688543;0.7721824557429;0.892489065962835;0.989183974267485;1.2941364968673;0.785102717949358;1.02471370977751;0.900129709343335;0.957582374053356;0.731372018791004;0.856475185278896;0.465875192154568;0.899193553225051;0.864091483235575;0.562530451927018;0.610865105142983;0.555597279275876;1.02639078966125;0.582343590626204;0.418523144016283;0.372928598705377;0.48377523117365;0.620560039238746;0.571254559238308;0.735406501166183;0.884652224995941;0.628858513252476;0.701114460936868;1.11945347043217;0.808173108372973;1.0930692277394;1.22084776205164;0.749369958290063;0.735677661682356;0.862058864825974;0.810134540235594;0.508155216608396;0.674681206667968;0.794211827288786;0.857115979922497;0.793005116257543;0.753678456878315;1.18633502472927;0.983815921480716;0.921380410270046;0.415558570892748;0.74735258706367;0.856272585533638;0.619300530938233;0.932073931516749;0.973764074634843;0.41538094474845;0.540866638924301;0.494083897493065;0.380963516269532;0.659503723304921;0.787903048735685;0.781444030936629;0.492757537746109;0.76426149666787;0.96596928970536;0.354050909516245;0.836737151613732;1.06994022235967;0.447012342738844;0.524246517022743;0.952350293940363;0.711796218693025;1.07664040921424;0.756831400156784;1.18883362601352;0.583094657180885;0.963483176042596;1.12655242215073;0.950000625040492;1.00634839842764
"Amazon9";0.841672836754533;0.805171532260196;0.484416675579681;0.514665825714597;0.353344853007993;0;0.558991081697574;0.936382413837846;1.21718315286153;1.22619734205434;0.568527934618072;1.03315449191763;0.744878266448892;0.792896489717544;0.536407808254962;0.518068190415825;0.631223217035368;0.755994643816186;0.875675485881087;0.489336590049809;0.717046233991631;1.13313502329839;0.768763512376073;0.883807468534404;1.00468073215894;1.25496621578491;0.745435462125582;1.02618121780905;0.913839538102117;0.919593005802671;0.710064817152491;0.906395360703742;0.484991513261429;0.900236103241771;0.873532653397997;0.561787512422063;0.614295295866468;0.574564142210339;1.05641632454853;0.579561831468945;0.385323086530829;0.360662111273774;0.360946219383836;0.51567592031372;0.490476405580904;0.686969323380933;0.768497115935557;0.590643240110115;0.683328320241763;1.12083815441992;0.788273827956515;1.02012931887183;1.17226738026048;0.7371515887774;0.788965501418855;0.853675451765905;0.800802180936267;0.424860295039707;0.623495771170125;0.732377794667975;0.848003623141608;0.820295405365618;0.727298076198484;1.14878253638474;0.980720480596996;0.850557238448253;0.429259346726026;0.704379053335426;0.779130259881265;0.587442242066058;0.941938059675247;0.901090011086475;0.328252454515956;0.490814182873624;0.56624131772651;0.412887672860947;0.659465908517136;0.688235115229088;0.695623706668755;0.488956912438;0.777287461442412;0.960206658906369;0.421789741974462;0.80460238259986;1.0272601163254;0.427834016208889;0.557349747312986;0.914341233423477;0.670076944821845;1.07761378714827;0.757968506553991;1.15639182923623;0.572408224982974;1.00221008664135;1.13200922558619;0.948424359228894;0.982520240526341
"Andira1";0.764926851218436;0.976655932754108;0.713143201693428;0.673932267695896;0.580643471480514;0.558991081697574;0;0.7170067978736;1.20112622875237;1.10486314168665;0.675954301547678;0.961947695135033;0.887330215523802;0.766525206415466;0.749915521507557;0.684172560976722;0.589645322892056;0.737014434491741;1.00168726063446;0.45841146009387;0.903065377392691;1.04532050377931;0.672855310856303;0.803793660540493;0.957089529572635;1.1153902393593;0.825140740089147;0.965447395873583;0.901792953074321;0.879937009283548;0.7322769738661;0.812720715191848;0.701434560992985;0.92281078120151;0.716088597152408;0.702600574819747;0.721998748418866;0.71565264029425;1.01909984125492;0.580219359830482;0.523129034892864;0.574462575704052;0.628356472217138;0.695245240374929;0.741370612238157;0.758789865425131;0.95340103963239;0.763865146123795;0.783226340621112;1.07601590235553;0.836951502705804;1.14911078535732;1.26069958162439;0.649642165175428;0.622127529185514;0.850636561806276;0.906343598570457;0.725273449070585;0.751925941780846;0.728545445156255;0.786683300712604;0.62248892976965;0.849527870539765;1.17146666718513;0.903843627783805;1.00365814410149;0.667777487411093;0.597867974614344;0.925895027632769;0.742408510176626;0.8336604745793;0.995167082044635;0.656430798839226;0.602090298139494;0.459213733969477;0.589821378626312;0.782267217095789;0.805253407093645;0.880466834684403;0.665349109487865;0.7196453812962;0.939204275661933;0.590540789451123;0.83752832033897;1.00389533748651;0.525209927739812;0.436541430583155;0.910598462609611;0.773838377345949;1.09817277250606;0.664078790933736;1.2609650006842;0.713861858488019;0.964320329011917;1.0367886714676;0.89288971115038;0.966680987664581
"Apaporis";0.875475742340196;1.18917982029417;1.06273897144388;1.00381148678048;0.974639479100522;0.936382413837846;0.7170067978736;0;1.1227494242933;0.971509138010752;0.91736229272912;0.916134439230115;0.967945116559295;0.858853909555076;0.991190803545651;0.879586574443596;0.786646433813677;0.69014525603911;0.912550396755753;0.756202097565813;0.9688819543879;1.02602393222838;0.861228270849851;0.843803341305452;0.838596555229801;0.995190678148812;0.991056240057249;1.10494852042245;0.941959344349246;0.906162953948058;0.891230537333082;0.705856534171767;1.04937029575877;1.06138772031938;0.675798704585647;0.891863727484209;0.933749414201447;1.00756098776645;0.832823749276137;0.983058456407649;0.922841928742714;1.0236418995439;0.896037561754351;0.890618970781152;1.0363193573097;0.86943884062936;1.05404707147418;0.99618876820375;0.893906017919651;1.06963940012481;0.913725762521299;1.23533566632983;1.21599714075491;0.755706924100691;0.738154788014429;1.06160983652949;0.998449984418863;1.0181385915951;1.04368974079116;0.870151540579587;0.874619441654536;0.925610748854998;0.933800227736179;1.05952581597262;0.897757068760215;1.05098482997888;0.969215325472155;0.783232467403351;1.01621144291233;0.915471193773872;0.810559690411403;1.00017150187525;1.04982761666317;1.00782906930119;0.837542783562341;0.95138585396104;0.911539484513254;0.938588109913086;1.08047004067201;0.974351753333747;0.66705376298848;0.968600902604712;0.925334916360909;0.848959442680813;1.01915198433052;0.892452484508208;0.748234485996653;0.864492647346958;0.943620673441767;0.993517052992057;0.8723197506508;1.21861704729224;1.01724933014647;0.969024241754407;0.981328549550124;0.84927806869284;1.00464506123239
"Apurimac1";1.17662214859641;1.23013529927092;1.20989688691857;1.19225341720607;1.20770850714609;1.21718315286153;1.20112622875237;1.1227494242933;0;1.14709118090355;1.19694429874287;1.18169902682739;1.15399901929037;1.17982707899235;1.19669414000636;1.20410127335397;1.18054286053096;1.14865769314688;1.15796936943831;1.19078294809506;1.2111232432193;1.10557541172347;1.18390424485311;1.21115295350868;1.11782754990264;1.13886979024644;1.1968740887844;1.11827252186065;1.16129781529148;1.15788717629636;1.17562803563196;1.15701804888499;1.22269068814365;1.2030415625799;1.18951975929794;1.21000984274346;1.20864237987839;1.18853848121801;1.15563552424044;1.19470286880613;1.20162679194385;1.21393544008509;1.21000066914168;1.17337158119117;1.21219553067014;1.18190680503389;1.17330999192479;1.20219496678607;1.19235560354392;0.65521954062557;1.154365570146;1.16755230511057;1.06468110888378;1.18398666775742;1.18129288984973;1.16112088829826;1.19967595904767;1.21692950749021;1.23258874670402;1.21226386462055;1.18932662573963;1.19459054145607;1.18300209022259;1.06267160629105;1.17510447360604;1.16675543463241;1.21862470069057;1.17093283820757;1.17172873837384;1.18440626232542;1.23513834116436;1.14151011078295;1.19594110310757;1.21838345864582;1.18714367886532;1.21092325624342;1.19516869832417;1.1991135302079;1.21849506897853;1.20059837469407;1.15385304924684;1.16920660415681;1.19830632624068;1.15891419437605;1.13239869621973;1.19374511019633;1.18280724974759;1.17143024767313;1.18228782821056;0.925218922476018;1.21693279192345;1.06858859307768;1.19368158482335;1.1746686279031;1.12775110455456;1.1481262084037;1.15960105324975
"Arinos";1.15156750349935;1.02245382255637;1.20553479619469;1.16042136026969;1.18672955554488;1.22619734205434;1.10486314168665;0.971509138010752;1.14709118090355;0;1.16237907621109;0.817589474615172;1.16541394775172;1.05250381938771;1.18815592720838;1.16158309898357;1.0978008984775;1.07971014700996;1.08939101562778;1.16677128213319;1.29203123881877;1.07125944249612;0.864830157480672;1.1171492239398;0.619956561948715;1.20457158300376;1.16415454346788;1.16865653549078;0.93870618487401;1.25094671984781;1.08564431685738;0.776014000991267;1.28315717002643;0.958020772593541;1.02266846320088;1.24611465958874;1.20854058696233;1.21324546994709;0.412752338306806;1.20146817922274;1.19196323049844;1.22037933004323;1.22178923946494;1.18089546097275;1.26993152071109;1.1701086675713;1.25226013640722;1.19008754437578;1.10966438281721;1.13096190497578;1.17346784781155;1.37635188470492;1.30957971572772;1.09039845746322;1.01057684967532;1.18172750902664;1.24903879681614;1.2852893736572;1.23126461750992;1.17611599205095;1.04885795724669;1.00232475578964;1.13403013235668;1.19508155507507;1.05320180564882;1.22087951580095;1.25980310132285;1.06174173738856;1.23641572481696;1.22458361461192;0.873990097904248;1.10329968317481;1.23114168342001;1.2699301232769;1.1569959174377;1.21371801768921;1.14154676566387;1.24100779853146;1.28428747340283;1.13223273140236;0.856145114218258;1.00589117261264;1.22086372421551;0.863124322458585;1.20983065758597;1.13104246780438;1.05407551620253;0.997176825301795;1.24817525189225;1.00864835954944;1.13138522670807;1.31002047748969;1.12899515398441;0.838140924648048;0.706819451427767;0.588059577956982;1.05234167899754
"Aripuana";0.796534087676437;0.937144433690975;0.669283223289328;0.636235720324386;0.545347959537494;0.568527934618072;0.675954301547678;0.91736229272912;1.19694429874287;1.16237907621109;0;1.01718801370257;0.761340037525822;0.794032429143335;0.630513802024227;0.493584018163722;0.664918137946372;0.708500461765475;0.88086312862459;0.560422556983468;0.678684870931141;1.15866574293025;0.825181350920369;0.874909245981805;0.964622248880569;1.21677340702011;0.679260964704859;1.00422663315865;0.841415274489871;0.893068103143899;0.731624475519623;0.735273237343632;0.70325383748999;0.951083266039918;0.878177377690817;0.566085248702723;0.52014370618569;0.653965240677443;0.954170670551456;0.671981345026359;0.605520817982602;0.482598104913019;0.577170680951278;0.647627670427376;0.530809262427878;0.711625361851794;0.784999384605334;0.567011331287071;0.736543419124215;1.12446956275753;0.81102411858404;1.02580432533206;1.18158080943826;0.705060832366748;0.771344806365719;0.860681683745458;0.709706910037533;0.63071972905987;0.694510581528508;0.729604253820455;0.790388468391403;0.888468660898207;0.730208414868114;1.13407282600308;1.01041702804866;0.807895759738683;0.594223824909088;0.813961761959971;0.789507021528021;0.646510730211438;0.915043207838327;0.940213283291679;0.633547425801675;0.760627824073923;0.702358045536291;0.6274701552753;0.792079903190499;0.702997678836439;0.783229653009972;0.582245095692333;0.68888024871921;1.02259083299249;0.535598547281834;0.673216405095235;0.974490646585594;0.528610335364647;0.683653416803168;0.955048638043683;0.721411072762628;1.06501193545235;0.786942174658757;1.10372359222186;0.662113817724169;0.873846215652749;1.08181122168703;0.848326345235164;0.971197703783575
"Bacaja";0.955380984916385;0.954145437671963;1.03846368996863;1.01879626564304;1.00760439724484;1.03315449191763;0.961947695135033;0.916134439230115;1.18169902682739;0.817589474615172;1.01718801370257;0;1.03650717173924;0.957187927552689;1.05663989256326;0.97956240624808;0.974264488583529;0.926176599445995;0.973018532406638;0.950992566801639;1.1200749619842;1.0584498597685;0.798230973517751;1.00941348799213;0.724433735341849;1.12467828101979;0.998758670131312;1.07287695204581;0.56490188068399;1.02401688639737;0.955620005894089;0.708582757068201;1.12274083859398;0.790147388374581;1.03903309446772;1.07808238706089;1.00315270644397;1.0983691655717;0.684232804210013;1.0111918916478;1.04989686348678;1.06791642968033;1.09857114507715;1.05035206885602;1.08865299110461;0.941905152174665;1.11673699302072;1.06087848925476;0.993159189817607;1.12961052839526;1.07978146730475;1.16564504838735;1.21313076243194;0.980724812101492;0.918460578831023;1.04875199939844;1.09088180888144;1.09384542498042;1.0496180095685;1.00486250926675;0.909026319000335;1.01319847284857;1.04974414464033;1.14611493421282;1.04931618363775;1.05359517811688;1.07343793696428;0.95921684704373;1.03513241838186;1.05727185385739;0.81633971711374;1.04314752183543;1.09923654615128;1.11275206854579;1.07364024773874;1.08093736681414;0.996874156355152;1.10447750252165;1.14565112728983;0.93750805655374;0.669957553374865;1.03933714958551;1.0419973272766;0.728820198334034;1.14039409652421;0.933214026059301;0.861358837250411;0.904873728980566;1.02336249536277;1.12512218769429;0.991826503302473;1.18002616529103;0.847487748502929;0.596866064515845;0.707654572729908;0.578453283512316;1.03434838318763
"Beni";0.664712892858579;0.968702365730291;0.807132760188345;0.786754730878907;0.804521444484192;0.744878266448892;0.887330215523802;0.967945116559295;1.15399901929037;1.16541394775172;0.761340037525822;1.03650717173924;0;0.457814099507334;0.979348849579126;0.637945354006459;0.946551280568956;0.714280043085518;0.546881448845512;0.767599200162872;0.522819842177449;1.20767740759447;0.988741855828739;1.0590338581736;0.962617004389479;0.902913193426131;0.40140140101214;0.798304688587942;0.969791068430898;0.697979430760974;0.427989068953473;0.903255801589215;0.747786514879512;1.06284464683664;1.05961153172362;0.584750489686666;0.698351234392696;0.646213514691605;0.982703612414947;0.810343377028219;0.671805075091483;0.672699624480389;0.749110677831829;0.652399844877515;0.567309024088805;0.623246300171677;0.298854365594045;0.395942513892864;0.340479884243245;1.12031126228983;0.686259909930847;0.85195177566265;0.972692438545037;0.969024387233101;0.916912196223446;0.802354315105866;0.558713199703269;0.784214254570412;1.07037367874929;1.11448207479262;1.07288453551543;1.06889057220024;0.383851007893623;0.884467678229367;1.04085603452057;0.688728796647618;0.724522888670452;0.827897388310742;0.535499752210015;0.711569756490029;1.01200878669031;0.798187337658757;0.746266348639507;0.806554175465577;0.844348778430879;0.688219914444273;0.713711117018543;0.654120664037552;0.63922949024957;0.745323136687976;0.787909419514967;1.0314627723816;0.690206807320355;0.874633919998466;0.860305312093065;0.864516749988371;0.994466472686105;0.987899250464821;0.554494849418105;0.959696225355377;1.0611999276809;0.84677041588982;0.828844595201578;1.02199798476829;1.07366547906671;0.892873449010493;0.653098492619863
"Blanco_Baures";0.633283579623022;1.02575600843998;0.859740852956686;0.789824437746079;0.761932261832488;0.792896489717544;0.766525206415466;0.858853909555076;1.17982707899235;1.05250381938771;0.794032429143335;0.957187927552689;0.457814099507334;0;0.983248019993181;0.668249572389784;0.932370320134581;0.705065371268843;0.593761508954779;0.74108080078971;0.634554964045305;1.15752458220596;0.950038713926621;0.977676711589146;0.878843961591733;0.974027567652915;0.413645709711854;0.775626682167041;0.883853008766874;0.61928829232164;0.219234074344264;0.807346215749298;0.816549196773514;0.98068662223036;1.00675324057146;0.632837513923656;0.639185384593401;0.730130563686653;0.890624639044478;0.700968568811874;0.710805498531183;0.678425858688179;0.822645194130213;0.732096088763929;0.71194742036586;0.600651430939486;0.619036403722685;0.48676703391266;0.311317376266099;1.12283400945768;0.648918928942159;0.958323074864715;1.10621562011537;0.850562506909643;0.860376329762911;0.787136201392779;0.669522173141326;0.81889301726269;0.969723524706439;0.982373482795485;0.902712802643888;0.967432115116664;0.452316614467011;1.00507840299189;1.033314330001;0.807094472678268;0.781961932643651;0.819633766435739;0.701135235729534;0.779334390718089;0.939160731836185;0.861061747612206;0.810222227107739;0.823859618316569;0.706009235135973;0.735090962642102;0.717558613242951;0.732065098675234;0.757006220277882;0.780716241200799;0.710532658525711;0.988383210413767;0.710378557998724;0.809666870620933;0.840432521813078;0.823677471884456;0.895301504192563;0.850247897645457;0.678908849341831;0.994350866742107;0.953835139038818;1.04573888180671;0.839251123103164;0.915441677377638;0.988149759626844;0.808550809648975;0.559382974124548
"Branco";0.942868749580468;0.924081485480475;0.753330034135951;0.712500729493189;0.636480970634998;0.536407808254962;0.749915521507557;0.991190803545651;1.19669414000636;1.18815592720838;0.630513802024227;1.05663989256326;0.979348849579126;0.983248019993181;0;0.719108467862231;0.760856840029874;0.811822926220996;1.10010017151529;0.675210775441675;0.860546486808986;1.16337312578833;0.844658699487674;0.866676613170517;1.02098179683113;1.39476212928269;0.929180149239406;1.10698145801463;0.972447736616384;1.08451458020975;0.892833608382515;0.885627553870306;0.808802558711628;0.95970125387071;0.954305440488943;0.712820662859375;0.726279102286602;0.743503705358637;1.0701734548505;0.744641514279735;0.653003446819;0.621421784842708;0.637404042579064;0.840000685320651;0.760803381074493;0.83821536059391;1.04147448423278;0.850800356615975;0.933373246149582;1.11845305338;0.931700248973101;1.13687698889478;1.23556760882468;0.798179513481156;0.870629548235418;1.0005385933711;0.929346993093957;0.492585354659027;0.668158746877719;0.62714778821556;0.823652232158423;0.939095368594674;0.919571771854121;1.22189825749708;0.999606001414926;0.961426947058135;0.62221377434132;0.921899329157771;0.94408947492772;0.742581896724643;0.972972085665664;1.02301207643718;0.597365514781662;0.857576273581692;0.800373215856553;0.72132261285249;0.953303675283937;0.834758553892689;0.916123497320061;0.610015962722794;0.790869700043455;1.01231544191064;0.599426244436734;0.878969007367339;1.02605063946263;0.551024771943184;0.737502119335005;1.02135224497611;0.844032112268615;1.09109763540369;0.77080070132171;1.23415319103986;0.661062606098946;1.01032161301803;1.13142056239535;0.936763606067354;1.15154407890643
"Candeias";0.681026949705794;0.885022557732657;0.652272891277323;0.574092354364041;0.499533793226448;0.518068190415825;0.684172560976722;0.879586574443596;1.20410127335397;1.16158309898357;0.493584018163722;0.97956240624808;0.637945354006459;0.668249572389784;0.719108467862231;0;0.700935551865055;0.56931765851892;0.730934975836923;0.51845405022705;0.563506671437294;1.22924984839369;0.871394179376996;0.978210056209459;1.03056352396696;1.08769930524467;0.558490020842015;0.908353483225414;0.864469263765451;0.811912209318022;0.620480389884737;0.840618048756412;0.55239698116358;0.947855807708639;0.94372421937786;0.488878857013194;0.399403767300718;0.497557563025627;0.959255551854096;0.677555678711858;0.511409655053142;0.462326965608503;0.513579299401772;0.533376091151869;0.407481239562689;0.520051761615015;0.627794578886745;0.519419716863228;0.590900995171951;1.14304087389148;0.688477474363725;0.922038477936858;1.09681035057753;0.735453686341215;0.786854976067461;0.733596004491214;0.598056816370318;0.558066752388236;0.769650717725984;0.791896670988545;0.822963019172814;0.925755413588824;0.645019193938759;1.03328753974141;1.05499032313074;0.733061794518707;0.464401793823262;0.653837845379186;0.680014855442134;0.569209069665283;0.900672487140985;0.844396904358421;0.592058189526656;0.643120519428892;0.636710966568233;0.543265397089602;0.644005181526899;0.560193201828433;0.598363033591599;0.548770173679031;0.764361602831857;1.064546898227;0.47863712833716;0.770993532936184;0.900381988746316;0.571705969920096;0.656119649937701;0.837795830023067;0.601460911179307;1.03372020332871;0.895126890066682;1.01448355997176;0.662452099941341;0.954472381827666;1.11183670773389;0.908846547707576;0.911923342846864
"Canuma";0.83292489307518;0.939336103204256;0.762086107566758;0.752366209074612;0.644535900852504;0.631223217035368;0.589645322892056;0.786646433813677;1.18054286053096;1.0978008984775;0.664918137946372;0.974264488583529;0.946551280568956;0.932370320134581;0.760856840029874;0.700935551865055;0;0.832926409581671;1.00836579188043;0.540181048086481;0.934148398333733;1.01457067438639;0.767357676031826;0.893270591324101;0.975418181472984;1.16419235653384;0.920319738932165;1.16296553413128;0.945964502593149;1.02649351480474;0.910211534074685;0.815983969459007;0.763582171715991;0.849766464169294;0.763912917531127;0.746699135032312;0.810193091835056;0.796737395021046;0.95425724720638;0.6785231044088;0.673701447053022;0.638304350468993;0.627676907485971;0.826694756257925;0.810189349382809;0.703576666207796;1.01452853536234;0.796071965480297;0.889005407685562;1.10369651590618;0.911422555185817;1.20575027845264;1.30345608865968;0.628093732830035;0.692184718568601;0.957586271596045;0.955233692800664;0.781155303513278;0.721562407867224;0.751395745956392;0.840286859567063;0.862816670567827;0.94629550836075;1.17952922745351;0.965835294554089;1.04883273284977;0.697146120828316;0.720370576346286;0.984955624231802;0.817102794292852;0.851535617393383;1.01867061846499;0.724870058366168;0.765664912148574;0.572687424811735;0.715489494111571;0.753181288383407;0.865876373500756;0.949297422964189;0.690723369440133;0.789824365361693;0.966759006833163;0.663533509007374;0.761301374142628;1.04405572275057;0.608339720520587;0.599555539869823;0.873703940868605;0.905841019731272;1.09521016064704;0.796698548765361;1.22464336744745;0.777146220582943;0.885887956701092;1.12608042916298;0.922388766149649;1.06971751493272
"Caqueta1";0.777583147933764;0.98133399535449;0.87041562384926;0.759358186666844;0.779062073330115;0.755994643816186;0.737014434491741;0.69014525603911;1.14865769314688;1.07971014700996;0.708500461765475;0.926176599445995;0.714280043085518;0.705065371268843;0.811822926220996;0.56931765851892;0.832926409581671;0;0.737001216603438;0.647142981482071;0.552489916090374;1.14066063072407;0.882310909137146;0.951349323332037;0.892587674084053;1.0714727001473;0.732458514686339;0.851939825107877;0.929509713062417;0.845964941742836;0.64466624992108;0.820423365113281;0.721454537007172;0.987278720472427;0.890178734432682;0.562777939026319;0.66415122400699;0.638898002809253;0.887795983897089;0.766633888131021;0.745929137517305;0.720183561956514;0.824898796081356;0.753771461190689;0.738035727722396;0.775657117724115;0.708510034665041;0.748728438932497;0.638837261051845;1.10750709715305;0.613297650215765;0.846286672930677;1.14267359396799;0.831976456815645;0.813506070356391;0.636557225495357;0.573764567929449;0.721330556048142;0.92773630590749;0.815491267806766;0.744228263129195;1.06080595722494;0.715037064055277;0.945240733867266;0.98960837802402;0.668394868062658;0.725423071575683;0.67831358997824;0.721421670001639;0.50060892055904;0.937464074236709;0.792450595630296;0.815524151908639;0.833839339994468;0.750715374795633;0.720689222781661;0.722053206800156;0.588228547466686;0.684186548342849;0.746105317543644;0.682986539356129;0.98497299715333;0.627023703604961;0.750085371742083;0.687588491065965;0.788645507409877;0.780975986463977;0.808695891899227;0.527601195990254;0.947741042317421;0.868397558679549;0.970461335882794;0.763386130162924;0.959464502551058;1.07567305470397;0.823962378167557;0.874340257957554
"Chapare";0.661450191478945;1.00001696556964;0.94315174125279;0.926763106160351;0.924451192272332;0.875675485881087;1.00168726063446;0.912550396755753;1.15796936943831;1.08939101562778;0.88086312862459;0.973018532406638;0.546881448845512;0.593761508954779;1.10010017151529;0.730934975836923;1.00836579188043;0.737001216603438;0;0.84360126169064;0.72293708866605;1.23507986283734;1.06163412362423;1.16794453119397;0.874688543419028;0.651973015698334;0.666023045139635;0.698700588910595;0.888682730716625;0.497962018940931;0.538969960893092;0.861334771022337;0.934590889840235;1.06862484440664;1.14396400695537;0.81264962154875;0.78722579993654;0.835792717027247;0.87564895134917;0.941340676924895;0.849525426906454;0.832615886399877;0.894197008377657;0.776866218337118;0.801699568791664;0.670051865331345;0.584948009324697;0.696219920575986;0.451142525094554;1.14256238063552;0.720812014186284;0.795613038727188;0.922100232575052;0.953130722987356;0.939899891580809;0.870109141077796;0.744200318800802;0.942726285883265;1.14788357548192;1.13835322000126;1.04479737870237;1.07518573737857;0.559324798330727;0.855287160549573;1.06930377916563;0.739315729237862;0.903485247862173;0.86183518445927;0.605323647967155;0.882105657982668;1.01365649607114;0.687357530775703;0.91656958549068;0.910542872382544;0.927817596972138;0.861247099706776;0.841479006069476;0.8469204227998;0.875597017824411;0.938771363019899;0.860300731150791;1.0921901256745;0.889229321565899;0.855539343851692;0.851454080585445;0.983802268690147;1.0351361334296;0.961443417541796;0.72282917269658;0.923228039496582;1.11095550284866;0.775997893843445;0.972480552737728;0.940534457905694;1.06319561784179;0.850980490022107;0.51130936860197
"Coari";0.741721621752607;0.842574838867727;0.597112389039447;0.588418592321313;0.483541311090466;0.489336590049809;0.45841146009387;0.756202097565813;1.19078294809506;1.16677128213319;0.560422556983468;0.950992566801639;0.767599200162872;0.74108080078971;0.675210775441675;0.51845405022705;0.540181048086481;0.647142981482071;0.84360126169064;0;0.675528120485285;1.06686069138588;0.759021904392745;0.871846278729802;0.991000277879304;1.09516752957141;0.737543944725622;0.929343995879638;0.852329098222352;0.80020743428186;0.708204734116764;0.761094620478314;0.504534750873429;0.847234479478231;0.784131596972697;0.529432523976018;0.575077272783042;0.51889528109924;1.02187712944292;0.533637093664167;0.479579931949822;0.502546235053557;0.520771897509939;0.628059567026696;0.602222342268763;0.622230384105894;0.748123830886226;0.651485095965658;0.655201459125906;1.10438058065102;0.635847925340844;0.955902179737662;1.08083887567055;0.677844567229286;0.686227187770268;0.692369008537123;0.707051238172228;0.632201576884105;0.714977706024729;0.77850176210145;0.861472307280222;0.765950252109583;0.687054604887103;1.07993705083966;0.966576238440103;0.813358981092884;0.513737430791425;0.596610028618507;0.779165596574781;0.57173318796143;0.910003202305036;0.912795359911071;0.586187520278139;0.47939773936034;0.418472596016258;0.432508687303774;0.608560163111633;0.66058121924641;0.63638737412727;0.587379579183677;0.672475438971589;0.97254817550814;0.438354114873179;0.78846876547647;0.882853571317355;0.471002295171339;0.526324478711809;0.893410142176124;0.623668813796239;1.00976973147249;0.730817722760808;1.04742207292747;0.688923874594121;0.947141034117577;1.1193497388313;0.888741530547487;0.918694609409737
"Curaray";0.750741884808677;0.981083583667281;0.787731863671788;0.715633875807516;0.749208422875586;0.717046233991631;0.903065377392691;0.9688819543879;1.2111232432193;1.29203123881877;0.678684870931141;1.1200749619842;0.522819842177449;0.634554964045305;0.860546486808986;0.563506671437294;0.934148398333733;0.552489916090374;0.72293708866605;0.675528120485285;0;1.24901566348048;1.025024339599;1.09210089660376;1.02535327559997;1.12578029894068;0.586668298585167;0.828437123603716;1.05188440498804;0.802458804237747;0.598595706899925;0.96937388081265;0.576300780663028;1.08089284346651;1.14315239682591;0.390899425175475;0.563846451436752;0.495721908882362;1.04439892617033;0.741221768969538;0.691884314971538;0.64159334493489;0.742879133569385;0.621204490359447;0.506423664364355;0.703285545553047;0.472766970622711;0.551286223962236;0.546353056121237;1.14724278761152;0.566232232314778;0.618883510958029;1.08251382238756;0.935593371945676;0.968554337425393;0.668211122596394;0.354685712035606;0.698983940736249;0.9414959739403;0.985682909369795;1.01945264447505;1.19748085874484;0.554136734369122;0.907185704650423;1.08523731007358;0.54454513147272;0.619674802426459;0.778954575820963;0.599809141655533;0.464690263905857;1.04639758065688;0.787799477037206;0.727577505485784;0.683907741425839;0.761177568535267;0.590887677681467;0.623412988643895;0.481849772096334;0.387066347226968;0.753598506946573;0.861427578574894;1.08056113518567;0.548430650478875;0.903160059382576;0.733597169198217;0.785787605428255;0.987750503859261;0.954992308403415;0.368095504374955;0.985251264802995;1.03977210596306;0.938150465389095;0.758899278552546;1.02243898274352;1.14269322787513;1.01008325569588;0.863027078766927
"Curua";1.1680022658258;1.06629515116188;1.14776140927445;1.14826451731561;1.16143782688543;1.13313502329839;1.04532050377931;1.02602393222838;1.10557541172347;1.07125944249612;1.15866574293025;1.0584498597685;1.20767740759447;1.15752458220596;1.16337312578833;1.22924984839369;1.01457067438639;1.14066063072407;1.23507986283734;1.06686069138588;1.24901566348048;0;0.949393165706814;1.00109901849203;0.926965254051445;1.2330802641209;1.19091344228098;1.13972221232059;1.0165980498664;1.27943587672402;1.16590995181726;0.978886488761968;1.20939416719089;1.0908514990525;0.968634262766198;1.17649173036404;1.2069265216823;1.21671842053537;1.07178720839546;1.10556811959369;1.14881649027073;1.16134207675411;1.18443731000052;1.17007899410557;1.2026112531482;1.23439785371272;1.2405400274802;1.16615359865795;1.19715567215413;1.07084605447917;1.14475785834748;1.19431184897826;1.18919804390117;0.992952847691216;1.05499655183956;1.18108493704875;1.20839202207795;1.18842598921997;1.13755401015006;1.15199773096874;1.09428558439996;1.03850545773397;1.18331135297213;1.18461329084888;0.939898436749468;1.23113351385162;1.20828528496971;1.06088555716632;1.18372576368353;1.19894318886546;0.944637424381973;1.11885887441649;1.1758637273237;1.21081806099036;1.12620073784128;1.18255993701967;1.09446131915137;1.1524870883395;1.22478375507298;1.13904134336906;1.04441651598062;0.961011640045823;1.16258652718731;1.07984406901675;1.10149883639649;1.13727849713358;1.07038376596251;1.01175269512149;1.15036981735642;1.05219081199489;1.14867406230688;1.29797193130585;1.15094811516971;1.01922640950504;0.911674560399489;1.0325194522468;1.10903339791839
