"Abuna";"Amazon1";"Amazon2";"Amazon5";"Amazon8";"Amazon9";"Andira1";"Apaporis";"Apurimac1";"Arinos";"Aripuana";"Bacaja";"Beni";"Blanco_Baures";"Branco";"Candeias";"Canuma";"Caqueta1";"Chapare";"Coari";"Curaray";"Curua";"Curua_Una";"Demini";"Fresco";"Grande";"Guapore";"Huallaga";"Iriri";"Isiboro";"Itonamas";"Jamanxim";"Japura1";"Jari";"Jatapu";"Javary1";"Jiparana";"Jurua1";"Juruena1";"Jutai";"Luna";"Madera1";"Madera2";"Madera3";"Madera4";"Madera6";"Madre_Dios";"Mamore1";"Mamore2";"Mantaro";"Maranon1";"Maranon3";"Maranon5";"Marmelos";"Maues";"Napo1";"Napo2";"Negro1";"Negro2";"Negro3";"Negro5";"Nhamunda";"Orthon";"Pachitea";"Paru_Este";"Pastaza";"Purus1";"Purus2";"Purus3";"Putumayo";"Roosevelt";"Santiago";"Solimoes1";"Solimoes2";"Solimoes3";"Solimoes4";"Solimoes7";"Solimoes8";"Solimoes9";"Tapajos1";"Tapajos2";"Tapaua";"Tefe";"Teles_Pires";"Tigre";"Trombetas1";"Uatuma1";"Uaupes";"Ucayali1";"Ucayali2";"Unini";"Urubamba";"Xingu1";"Xingu3";"Xingu4";"Xingu6";"Yacuma"
"Abuna";0;1.31252268917686;1.18092207665221;1.21702427613893;1.12513528371011;1.19084939441431;1.18080588639429;1.09339283820478;1.21150238482582;1.37614594019692;1.18147404400173;1.29738473104477;1.15257685924287;1.10495350079203;1.13225770248069;1.18942947404336;1.13688633461979;1.16273462789516;1.16297380224222;1.16047712783366;1.08283042715755;1.2710079225261;1.2905143221775;1.16079058924888;1.19478890372083;1.25782102635497;1.18255034861674;1.20876732446565;1.20321848459551;1.20695466767863;1.1274656715444;1.08411810559529;1.16999329702376;1.15211336038619;1.25397179781395;1.11536576018217;1.1441917121199;1.17273820269583;1.20548100542492;1.17941130945997;1.12362678041157;1.17660621204164;1.23736036576239;1.2113550612894;1.25760412377284;1.12681285884436;1.20155881132583;1.14053186293129;1.12727941755641;1.00464015473265;1.20968873669809;1.24942959111166;1.40846378032273;1.14201031599893;1.09678518837068;1.25171850501797;1.05846003871787;1.13878176203645;1.13009914002101;1.11774641313999;1.10675897762111;1.26746826814824;1.07613952564958;1.24500127090238;1.11920132765268;1.29060037645719;1.23046999216308;1.2798450308933;1.13517787767529;1.13287058737237;1.22328295587322;1.33256798301788;1.20017269724791;1.21096881289081;1.19796254403007;1.08334867052101;1.24152696776174;1.10229589765941;1.13348818327726;1.18274940908199;1.1426882832544;1.24785932660475;1.13436442408016;1.13718969816389;1.24525944465107;1.2167777415049;1.26096810145278;1.1980181006819;1.11423410878974;1.31322615607205;1.09370569871563;1.31687846186114;1.19299491029432;1.20957412027383;1.26107060170877;1.26843395829556;1.28260814240524
"Amazon1";1.31252268917686;0;1.13711908635305;1.1630660355846;1.13536084255328;1.12667702568234;1.24255020488456;1.28068550947152;1.29280628685465;1.48609609729418;1.16820389108419;1.37827124544386;1.18372736181073;1.21321407867702;1.12059367869209;1.1709129640866;1.21456325197553;1.20419389758752;1.22585365181668;1.16380781171936;1.16159134253589;1.32373942191521;1.18799099641011;1.20852290779385;1.29091392480303;1.36448841088814;1.15063598272934;1.28470018962258;1.21560132921394;1.2138967862757;1.15461817829654;1.26733821064822;1.15829718562117;1.08740917093702;1.34224504188207;1.1512436445611;1.16661105349143;1.11839370420589;1.30679686176173;1.10338676614886;1.12693757145945;1.07428660402576;1.15871918632855;1.13694017420189;1.13012686047009;1.15697514677411;1.16421594951553;1.10681957788966;1.17208986630936;1.02100631748377;1.2303034012132;1.19405616136155;1.36128022815627;1.24926049990339;1.20451389168917;1.16947225648475;1.1856149337493;1.10544638640151;1.13744385053677;1.12730265438324;1.15864222073598;1.26563197731594;1.14912834462932;1.29856057348627;1.15063194587931;1.27072674854182;1.16651523010664;1.25906200276238;1.23042755009344;1.11231919989065;1.2881788053436;1.27400780664369;1.14624653403014;1.16169328481652;1.18518527404434;1.10037851751637;1.26527403929932;1.16311052788597;1.13186398667637;1.16720723856167;1.22838680442602;1.26435460239127;1.14225979443773;1.2517307290408;1.28469559021419;1.15205779851205;1.19647852419834;1.19097356834291;1.13322629824192;1.33181019396744;1.19338202959892;1.29951028035821;1.17819393776467;1.252001612806;1.3539848014777;1.23672092753382;1.25940680580879
"Amazon2";1.18092207665221;1.13711908635305;0;1.04284695139916;1.12276808496897;1.16002880282942;1.21201973239537;1.21804278996465;1.20153934176539;1.31673832448293;1.10843762397309;1.2643426565027;1.1314138695257;1.24785381806059;1.04137240378597;1.09537210446437;1.08360747331635;1.21239007471098;1.22741454634758;1.04154373148094;1.16932184145445;1.29705564322182;1.21636860848433;1.1194420916056;1.17479907118241;1.32703856886144;1.22983009862844;1.16098090251923;1.16894698476732;1.25356301213581;1.16511795645428;1.14426937340252;1.20990116492541;1.00586208219286;1.25968968763482;1.08094026399985;1.11471216348529;1.10256640746655;1.18080467229931;1.21243640819496;1.05727587795498;1.02554721766554;1.11758206793956;1.10200481684808;1.07382431192992;1.11984713829719;1.29085501991039;1.05839101319165;1.21173267004122;0.993827224873913;1.19343364944555;1.1996846619692;1.37394895233503;1.20014393940104;1.08808367722062;1.15816865017343;1.08620468003238;1.06035500541347;1.21320980466803;1.15729699887441;1.18537338007006;1.34947002447874;1.15993243692068;1.21437795191701;1.07985650828115;1.21759107445623;1.17017552950256;1.31035844032908;1.18961041901938;1.0866532487609;1.16963223194661;1.34554121580668;1.10235455886613;1.19189499305613;1.18953838858612;1.07338688701367;1.4562860014502;1.15096813564436;1.1818704252914;1.01050118082174;1.19182603812682;1.17986733968392;1.13357568022598;1.14128810674799;1.23384796051322;1.07228226068128;1.10835831427093;1.19379843755606;1.12977005862783;1.24816187002276;1.04789077027025;1.30536481099516;1.06930698308402;1.15558556286221;1.27479652703117;1.20412063691976;1.32273783012645
"Amazon5";1.21702427613893;1.1630660355846;1.04284695139916;0;1.1767889057314;1.17943872740965;1.23182367812394;1.22896685670221;1.20627887283319;1.27615113949342;1.05781156408633;1.25012271341235;1.11260429093132;1.20728201809665;1.10553364169778;1.03016921153345;1.06916450170019;1.22934001108527;1.20724502565475;1.05836605777986;1.0994460428992;1.25854352658167;1.18434763382101;1.13478091987635;1.15613318555456;1.33968691790295;1.16823731989211;1.15380120857918;1.17716662825776;1.25669005606133;1.13558214804115;1.12627895428596;1.16078047091617;1.05510374321734;1.23922056680109;1.04865641510924;1.04054163554689;1.03402507336045;1.17696674387407;1.21559718511757;1.04490478776023;1.0029485831609;1.14827050684004;1.06750287994886;1.04523780277658;1.09302639230961;1.26230481025834;1.02046338362122;1.20926325102515;0.994381184125373;1.16433220366821;1.20788948960401;1.3726713877539;1.18514799388203;1.09357933001388;1.17324755624047;1.01415686883583;1.12382698203394;1.19547780678889;1.13274574626173;1.18564072268256;1.30792136133624;1.15549322327168;1.19436431835772;1.05662160692777;1.21195475711393;1.09296909842637;1.28276463054538;1.16105320927223;1.05534271875312;1.15153371417154;1.30567903290324;1.14536030066546;1.16897531876277;1.1742625347022;1.02544242491548;1.38508792349373;1.18108292288696;1.16842267101946;0.922973741915525;1.1955496066417;1.15875340459607;1.08845983443167;1.12121809804386;1.22700065259927;1.09715180256937;1.10789986763002;1.183160849137;1.13046083700154;1.22176882769576;1.05320940173378;1.29282176427975;1.11042765003771;1.14349996273749;1.23911734238493;1.20384367103787;1.30124198516733
"Amazon8";1.12513528371011;1.13536084255328;1.12276808496897;1.1767889057314;0;0.970060433598991;1.1248303392303;1.15493192475494;1.20029605503548;1.25310803706688;1.04962001229319;1.20386067128004;1.05916742685643;1.08888733089145;1.04091932232078;0.956937843690093;1.01744976285715;1.15332935616882;1.16617964418443;0.970556749478497;1.1268816646482;1.25337601488429;1.15339618066903;1.0378763568183;1.13899251180222;1.30451525736168;1.20008701333036;1.13331780181095;1.0614390930431;1.17790320591985;1.07658206161068;1.00140066116414;0.935429368083434;0.99161764125784;1.18713557998617;1.03167251044874;1.03881959356075;1.0397067803189;1.13730154663327;1.12641200306902;0.935445943471543;0.904586739840606;0.972763536046821;1.0616703615013;1.05599315075912;1.12400614221889;1.22716477565061;1.00558077966341;1.09603442137647;0.990881014043682;1.13415445739388;1.22712946698647;1.3434239912037;1.12594218878868;0.981280766911801;1.11725407269023;1.03063983588282;1.13022702554062;1.13423385911965;1.06681289434933;1.0837446564387;1.25579038296305;1.04444888665425;1.20055931749336;1.05380562572461;1.20093741134254;1.02448187879616;1.19260874027162;1.14478468704448;1.08407618120227;1.08375899025894;1.27711783796271;1.02341149087455;1.12220642694348;1.02514018301951;0.882632909349065;1.3276571392393;1.18808320628149;1.1354416642507;1.08714482632271;1.08342833541439;1.11747303354525;0.885663462337067;1.07819952261265;1.26015083171192;1.03165974186519;1.04143643271533;1.11349894358141;1.11055954467489;1.22718676659374;0.987078961654435;1.27061503888871;1.10079610564522;1.13060988695374;1.22277016382762;1.13901040394658;1.24002769980005
"Amazon9";1.19084939441431;1.12667702568234;1.16002880282942;1.17943872740965;0.970060433598991;0;1.11666813748344;1.17346959128112;1.21236192964435;1.29038942693919;1.08779508650437;1.22237518031487;1.12006002887583;1.19151068785737;0.998696056770852;1.06930948492648;1.05731344867864;1.24466013988708;1.22002916590966;1.01122851849655;1.22206914518072;1.2540032838079;1.1750760000867;1.05058950217974;1.15951751122592;1.33625168724629;1.24575280756094;1.17655775436495;1.10124881472561;1.21325435934624;1.11712893775286;1.0699415528414;1.10008183808677;1.05784459244682;1.20815202531917;1.12046669372857;1.16655502226483;1.14940271611779;1.14842746487248;1.13175873811519;0.977018545812513;0.969299607691784;0.922786367486392;1.05115875079459;1.10901808682426;1.16441733845716;1.28451604363871;1.06175551134536;1.14493874304953;0.992643599530718;1.20803114742237;1.22706239517198;1.31415330908168;1.14140903707024;1.03007197672103;1.13208393423622;1.09405946476872;1.18431410522;1.13352120630222;1.04364259489718;1.13702745665153;1.27045347229736;1.10427269247408;1.22411441223333;1.04608460777888;1.2112382608016;1.04192674166899;1.19827162678907;1.2182318288023;1.12249513250058;1.08773186077535;1.24729133015341;0.999153817816812;1.16311695087511;1.097887047358;0.980247840269749;1.39072077762566;1.23487914127234;1.20356319549589;1.10057099585791;1.14572278976556;1.11344449326255;1.00869771723021;1.12154401894424;1.26540702447777;0.997965389608348;1.06679270321149;1.09825660433374;1.14510640750173;1.23632492275435;1.00773307252002;1.3000543831303;1.11811207942239;1.15035402265028;1.23942051887079;1.17322274579319;1.26107647847503
"Andira1";1.18080588639429;1.24255020488456;1.21201973239537;1.23182367812394;1.1248303392303;1.11666813748344;0;1.07630879465026;1.20930796249365;1.26442716133534;1.13694088804592;1.23942794276361;1.22204787874637;1.2064947373065;1.08027006462269;1.11216828113829;0.997687737118578;1.2066771109381;1.30746974030586;1.04759098216106;1.21716084412446;1.19030295428388;1.19985827630718;1.0589889276527;1.15648976708684;1.32456160465984;1.23885940828335;1.1956282827121;1.17022223719475;1.291128044934;1.16431651747789;1.10906302433062;1.17752362022077;1.08656066990322;1.07869297413383;1.14497129945809;1.14839401691624;1.21536764446785;1.19260049134606;1.09055365178998;1.09358007037449;1.09040918459091;1.13318863285276;1.14310946211681;1.18322362832781;1.16071151730294;1.29901964957693;1.16191199595225;1.24218635582828;0.965275014442544;1.22925904349685;1.32456242899645;1.42091470255695;1.05600685438142;1.04754131969461;1.28702132166839;1.19001306274944;1.16746600124076;1.12876730764441;1.06373544758547;1.09897328517516;1.17066448313581;1.25760393834332;1.29503166021863;0.985631134537551;1.35415938462294;1.21250383032411;1.21864557426666;1.27287334943683;1.14956912175857;1.09217573934492;1.32561639292407;1.17329993851944;1.19648500127696;1.15221975314036;1.07222917508088;1.29423285499949;1.16854901303304;1.21516665569671;1.15965465446919;1.10188799793168;1.16891146091046;1.15734592208594;1.17714140870248;1.27427687142829;1.04032227160274;1.03274193205525;1.18164195734859;1.12821516409478;1.24874977246842;0.98530670925948;1.37625114324577;1.19924078972191;1.19474896172432;1.24401942032981;1.21235772577259;1.37812372485141
"Apaporis";1.09339283820478;1.28068550947152;1.21804278996465;1.22896685670221;1.15493192475494;1.17346959128112;1.07630879465026;0;1.18231101209123;1.15311923747534;1.13812706257892;1.17914278376068;1.13102197507479;1.0880892791516;1.16678663997246;1.13523603592586;1.05346656763718;1.10509568987486;1.1249569176166;1.13510431254037;1.15096472378516;1.17269358630742;1.2515045960579;1.04532053842931;1.04087940534677;1.12496553286773;1.10609435202075;1.20864259479386;1.12467309812728;1.14378871550075;1.10329682278622;1.02936763163945;1.20311854811783;1.25048191028279;1.04105816359083;1.12105981530237;1.15408141688878;1.24604462304151;1.10411085833744;1.22511366121612;1.15615014081143;1.14322345640988;1.1741159524332;1.07367580466582;1.18788872693118;1.11068349995303;1.17529139556487;1.12100292713597;1.12068233431959;0.983673191403353;1.1921726419779;1.25574371404888;1.3639214629448;1.05563201659025;0.949000262210935;1.22090184296173;1.19800199347423;1.15422894021734;1.1751660099891;1.08005638789855;1.18440762211276;1.14826113285144;1.13505816060722;1.21460949696735;1.00401597036827;1.2662046320431;1.18781974322116;1.08226107244942;1.18193257272426;1.17101190860099;1.0592920253891;1.31925060547558;1.18809944961708;1.2143905746531;1.09806357889367;1.1247958872164;1.14349691067781;1.1190231376964;1.19488168864837;1.2176416168688;1.00897350039772;1.13855238129684;1.1871128493449;1.11616759936504;1.25486697961385;1.18154363564794;1.10620653158351;1.1280041377208;1.13235768949501;1.1906143012939;1.03412071855218;1.37021326012868;1.20972410778019;1.14140577742856;1.13985689318919;1.13502245474473;1.20083960083362
"Apurimac1";1.21150238482582;1.29280628685465;1.20153934176539;1.20627887283319;1.20029605503548;1.21236192964435;1.20930796249365;1.18231101209123;0;1.25661684312709;1.20121118367127;1.24326240069663;1.19912559017016;1.21033890694862;1.19551759263994;1.20616132082322;1.18704437370449;1.19318929411709;1.20316162425199;1.18571035686862;1.21694450375445;1.31018004212491;1.24355184915911;1.24649036556988;1.17114456321225;1.22185610349669;1.20405266809328;1.246186288983;1.19352157906003;1.21889586525123;1.21532768919236;1.16589121273306;1.20908700349106;1.24073430500538;1.2274950851565;1.21992490057577;1.20549034105874;1.21869033196502;1.23032241944802;1.22501821654497;1.1975991636916;1.20916101960213;1.22314929711718;1.18535937768632;1.20851597753796;1.18839517782226;1.21332280400463;1.20669321487192;1.20175495020974;1.304590205366;1.21304782744939;1.22314691156625;1.25579697349043;1.22659926669318;1.22176136381138;1.19677622506042;1.21712548466617;1.21744523999722;1.22995946059839;1.22016444355324;1.20427815890842;1.22241445818276;1.20960304815507;1.24390990121171;1.2480615284136;1.2273452390106;1.21156215149243;1.18231301792293;1.21260001157071;1.20205076818719;1.2512020342036;1.23989574419065;1.21100614458921;1.2112619987691;1.18313645999451;1.21456512006906;1.20122899810449;1.21077137834936;1.21868790574944;1.20201261507103;1.19402891760506;1.29419354243282;1.20314630117691;1.18561807725116;1.20616908991792;1.21992956520198;1.19885914648619;1.21663738453388;1.21434787851991;1.2866118867571;1.2404419197795;1.24129096088678;1.20023849726046;1.20859962377471;1.2745829285923;1.20616910326734;1.19040932150961
"Arinos";1.37614594019692;1.48609609729418;1.31673832448293;1.27615113949342;1.25310803706688;1.29038942693919;1.26442716133534;1.15311923747534;1.25661684312709;0;1.32359225991579;1.46388957356613;1.26967092437017;1.26127858404011;1.28312878155336;1.36403244623209;1.24040331977188;1.28184149546992;1.23090100781335;1.3110745624343;1.38192559986852;1.3089622337487;1.23485964058485;1.20241908907679;1.11091653418749;1.32036518125115;1.30306007063687;1.29464588819621;1.33723907513757;1.34410190381771;1.25827222479655;1.23751678389724;1.32625833637272;1.32475613868672;1.24885737422298;1.3338795115187;1.36654120320226;1.32134077138571;1.11177918452397;1.33959838837135;1.25715233542165;1.29602251326022;1.31334572467842;1.25577248073173;1.34652610598098;1.29698761405171;1.32670386058484;1.29496238572814;1.27957985677891;1.01133479971568;1.26838113028067;1.4273112542616;1.42821139860809;1.25862424166803;1.18997510148063;1.36796092641095;1.39661424031332;1.32660400860096;1.25833257444102;1.30718073058839;1.22204603767935;1.13569656099285;1.30406667236809;1.2862998461012;1.10640570728079;1.4126073080113;1.35079947022229;1.23402576279341;1.39141343696651;1.30143031793063;1.25977311206651;1.34197472545762;1.28860843595977;1.33188390122429;1.28277961789231;1.27258283985956;1.26954725117681;1.3027959688724;1.33499621631119;1.27432951153758;1.16002793067235;1.20812138910749;1.3084163275536;1.27733036405237;1.39867172609234;1.32049819203845;1.270293637098;1.17108282753911;1.32563633705534;1.24656622104979;1.24800172109698;1.41203307603297;1.31245584329176;1.27103449964925;1.29075069506915;1.23626718023193;1.25517829090351
"Aripuana";1.18147404400173;1.16820389108419;1.10843762397309;1.05781156408633;1.04962001229319;1.08779508650437;1.13694088804592;1.13812706257892;1.20121118367127;1.32359225991579;0;1.30304220214132;1.04398552564218;1.13478379250476;1.00671626140705;1.00549684818715;1.09938456352505;1.02883831618672;1.18906677847975;1.05090516640995;1.00788036820476;1.28523062390329;1.26036260899679;1.01292218016426;1.15700248706221;1.29386105431196;1.04975750470293;1.11588896986947;1.12596123601234;1.22540180470228;1.05063884262183;1.03234621011033;1.05760332322616;1.10090903399272;1.25711978072129;0.908742566156403;1.060663794589;1.04818335445389;1.17355087292125;1.12451198137303;0.982762578016335;1.03705183990208;1.21137815430257;1.07642992166953;1.02096437989594;1.1838395262083;1.12859308378409;0.955031911338456;1.11674042985914;0.998422319743419;1.10123865557815;1.16140393912387;1.35765401792161;1.13677246814425;1.04249192389699;1.12293761134017;0.971009543823245;1.00066196580064;1.05809376201034;0.963667309391035;1.01749706953836;1.29848676706745;1.05014259694538;1.21366755737346;1.08583982003892;1.10474067862587;1.0565220780815;1.20634609824702;1.15154389761678;0.968959690413213;1.21801088125461;1.30668493405214;1.02047876881868;1.15034926237049;1.07409233126235;0.960753897740182;1.27147775381965;0.98603941355781;0.983697060383504;1.0908647824707;1.1359091898186;1.17332056269945;0.978407063290729;1.05052308236866;1.22430172051557;1.07143425183276;1.13419604788723;1.12049280857973;1.02390176934064;1.26680545478929;1.01035915324939;1.24951970970526;1.11839403586907;1.1305250595578;1.23258069876166;1.20235236808094;1.28689359919749
"Bacaja";1.29738473104477;1.37827124544386;1.2643426565027;1.25012271341235;1.20386067128004;1.22237518031487;1.23942794276361;1.17914278376068;1.24326240069663;1.46388957356613;1.30304220214132;0;1.24729478930698;1.21872500211354;1.2439300982676;1.29599218752819;1.20999970126762;1.21727754655614;1.20845227075003;1.26460742232315;1.29482898057364;1.31399997830758;1.16524264123593;1.19730400949611;1.11648301618358;1.32023073192802;1.23873405764263;1.23977149877223;1.31441995885648;1.26466043434921;1.24565203208804;1.22259643801302;1.29096166795649;1.2930266458264;1.24845437591555;1.3089509473206;1.29222645401199;1.28884450454989;1.17526729668274;1.27009949426802;1.22114073539158;1.24131788374261;1.3286496290275;1.22167018722508;1.27647029724703;1.21716799278273;1.30398928211944;1.25583182327055;1.25924223373818;1.0046261956986;1.30550878228652;1.31317703838907;1.45278383762421;1.22072778489264;1.21654661295268;1.30377800700808;1.29515828794641;1.28034763297285;1.23136070679133;1.26592765182597;1.17966443767354;1.23087512687502;1.3045009156921;1.27889078269021;1.144593868354;1.3226253496674;1.30710843430242;1.23896811967639;1.3295693395341;1.2412345774187;1.21774151801377;1.2937796820432;1.27960012498707;1.26613372981044;1.23449000950338;1.20190091636556;1.23372857001325;1.26451369738037;1.30525533045568;1.26290546664987;1.11932637437173;1.24479431701692;1.27751380542549;1.21000056596473;1.42129297474778;1.23549786377802;1.190993589217;1.15398884645945;1.24848095357152;1.33548927733101;1.22303797180311;1.38484934797116;1.29239118102126;1.33592592810693;1.21361925632796;1.21035279758693;1.27025182734276
"Beni";1.15257685924287;1.18372736181073;1.1314138695257;1.11260429093132;1.05916742685643;1.12006002887583;1.22204787874637;1.13102197507479;1.19912559017016;1.26967092437017;1.04398552564218;1.24729478930698;0;1.16970715532947;1.13270429728082;1.09689352803112;1.20243647142491;1.10642071403335;1.2023039355707;1.09776695170858;0.944011689258738;1.29349241286164;1.28605350485908;1.11614701157952;1.11965819801474;1.33936926374459;1.02316023512308;1.169742154892;1.16323906909288;1.33841097107737;1.05106994408016;1.13697327433645;1.04900229318649;1.1048547976345;1.24062653442279;0.95933570098036;1.07351137495692;1.03236086346599;1.11507802345374;1.1391574302647;1.04182502656263;1.0469331616987;1.21840408081463;1.0946133199137;1.10277351132257;1.2443083240888;0.948323687825553;0.973689833626304;1.07306345935668;1.00559198401372;1.14213024606972;1.20816084020631;1.3510249319265;1.22336125183874;1.05049743257746;1.13595230985374;0.934156460382179;1.07194039422153;1.18112723783785;1.10294478469716;1.10887316819031;1.34943674397383;0.993879635308554;1.19758242559965;1.10787357660486;1.13328767706456;1.12644052558356;1.1762095692292;1.09450681903148;1.038700449744;1.16100282460776;1.24809293025543;1.10557562590383;1.1481847801768;1.1307810657311;0.980117303960423;1.14554602205897;0.996270268744535;0.953463586941933;1.08256144292004;1.15297044759216;1.16561142776466;1.02256118338099;1.09128836114123;1.19369963062968;1.19569947243405;1.21879292718388;1.09678301454345;0.969258964756393;1.28646488683198;1.09480258972161;1.31863964102294;1.15086386534441;1.15967296561201;1.20461417911757;1.17825546514157;1.30557033022092
"Blanco_Baures";1.10495350079203;1.21321407867702;1.24785381806059;1.20728201809665;1.08888733089145;1.19151068785737;1.2064947373065;1.0880892791516;1.21033890694862;1.26127858404011;1.13478379250476;1.21872500211354;1.16970715532947;0;1.1864325517183;1.08086264984127;1.17155333009892;1.11582936103544;1.1393631761629;1.13211548118382;1.03586293499288;1.2847888020129;1.28579150281171;1.07143929031414;1.10904721546818;1.31568235657615;1.12761374300515;1.09603046280262;1.14933641173224;1.30268149987857;1.00126477425518;1.12977194181533;1.09737358483555;1.08805984455583;1.24914747021999;0.992553175233224;1.09699988174589;1.10533276205242;1.12974836091887;1.04648064496305;1.15758605848881;1.07921908721688;1.30961980328105;1.19225896195024;1.26437540760378;1.14998924999929;1.21997932630304;1.12307752630451;1.13829553396642;1.00097716349396;1.04303824537975;1.1695435568674;1.3776758613491;1.12925370500105;1.03174293496573;1.12520390739888;1.01226937280398;1.15770288418702;1.1117634063141;1.07915608667739;1.07365320627863;1.36933736810458;1.06674468236591;1.19830132936937;1.09557548449899;1.19712526127955;1.24086682913715;1.20663145150336;1.17604093706116;1.10431727494585;1.12220978068526;1.21659424445864;1.22080301716855;1.18904677788897;1.12022044944167;1.03936855389127;1.17650217310879;1.0917487174849;1.09695966815175;1.22180158333711;1.15418003082273;1.12599699766294;1.11445157346275;1.11617674806507;1.1844302250501;1.24589019995666;1.23627923907912;1.00486294797829;1.12216447106258;1.19243030130778;1.07040422386516;1.29973734628945;1.24684497285461;1.12945914255782;1.20466932283352;1.18298712995197;1.21742504508045
"Branco";1.13225770248069;1.12059367869209;1.04137240378597;1.10553364169778;1.04091932232078;0.998696056770852;1.08027006462269;1.16678663997246;1.19551759263994;1.28312878155336;1.00671626140705;1.2439300982676;1.13270429728082;1.1864325517183;0;0.999125271560373;1.03025173615415;1.14177781637296;1.18961925904247;0.994094204629777;1.04056984967238;1.26460700605971;1.16252127128531;1.06908083149644;1.15407072907624;1.26761551858006;1.15977674406664;1.12934497419664;1.09480274528236;1.2032880080195;1.10589467131711;1.0470759645997;1.07093850696266;1.03586690756303;1.2246048777044;0.942506734888803;1.02824295119446;1.01922209895796;1.17990266632974;1.15926172613538;0.92377618319013;0.960277289535268;1.01620195888365;1.04723493601692;1.01343199327567;1.10054378864711;1.22211082359761;1.06452865972186;1.15308129524474;0.990469357868378;1.09695821231296;1.12522570224576;1.33061569722116;1.12581022070895;1.03032905918546;1.1241530849903;1.01209952876451;0.954716544486124;1.14455954766787;1.03856357888822;1.18896955612162;1.32920715076816;1.13614236168938;1.19471871925605;1.06245114537497;1.11796992251432;0.996378472575244;1.21144515462694;1.13864448855569;0.982341230485052;1.14476581873368;1.29853745541303;0.967782173345479;1.1008219579342;1.09460630960844;0.989379162823431;1.31027321343261;1.05061353677443;1.00153117829886;1.05975602710057;1.10251256023676;1.16896405449524;0.943075678514225;1.09505221451142;1.17568982164429;1.04024405469679;1.07922612749033;1.19764514443335;1.02716890647522;1.22522650294539;1.00896428747189;1.27892552005494;1.0715014635437;1.12312457561196;1.22693082239346;1.15835549626058;1.23770370774421
"Candeias";1.18942947404336;1.1709129640866;1.09537210446437;1.03016921153345;0.956937843690093;1.06930948492648;1.11216828113829;1.13523603592586;1.20616132082322;1.36403244623209;1.00549684818715;1.29599218752819;1.09689352803112;1.08086264984127;0.999125271560373;0;1.15442105401121;0.997565411199331;1.250130383177;1.00652820326005;1.01040792992668;1.34235782100459;1.30702406959214;1.06225781639399;1.22814097978523;1.32448452836497;1.07189641891264;1.15982531695039;1.16453137491215;1.25102330620665;1.05013608966937;1.07611513166221;0.976594840668802;1.10717160143416;1.24786015985598;0.941524467660768;0.996984049516104;1.02223874586118;1.1590619863365;1.12765816961345;0.97459650908801;0.979207197250933;1.27484227296855;1.05738927866364;1.06141505067449;1.27765954370344;1.18177379303959;1.06396192918372;1.10837873232204;1.00982258445801;1.0920899137278;1.19452528633626;1.35237571817714;1.18396638100787;1.07646020416438;1.13525222973795;0.953379139630694;0.950719845341412;1.03269219759648;0.931558818491047;0.968944965972284;1.29949392899204;1.10293456186701;1.21138636493491;1.14651488116835;1.1393345676089;0.979082831683316;1.17692085666879;1.15652446709394;0.958387540285501;1.19990010555942;1.2942139600898;1.01980667378536;1.12586313619726;1.03502509496395;0.980989049398438;1.19625659678994;0.968938190217533;0.977539477779674;1.04338058459129;1.16348199723994;1.19992637099029;0.954400798936139;1.07199715082297;1.23797673566642;1.09452442869579;1.11990425102453;1.05061447374209;1.03522767644142;1.27863833796011;1.05986221015904;1.27899740724404;1.09570178694004;1.16949144057123;1.29302914532729;1.2600224283904;1.3137864563723
"Canuma";1.13688633461979;1.21456325197553;1.08360747331635;1.06916450170019;1.01744976285715;1.05731344867864;0.997687737118578;1.05346656763718;1.18704437370449;1.24040331977188;1.09938456352505;1.20999970126762;1.20243647142491;1.17155333009892;1.03025173615415;1.15442105401121;0;1.09823983833683;1.23163481435087;0.962517205463674;1.19193783540833;1.20706187721836;1.1535426903159;1.15900510263228;1.13008056168212;1.22648609326866;1.17476251271972;1.25134401451747;1.15146737352584;1.2381018748727;1.12201632099806;1.08483077706232;1.07967877984638;1.0974404112812;1.13161087582731;1.09440016467352;1.10634013487051;1.13454346841543;1.11896579782819;1.01989640300675;1.05167756296038;1.0744675381681;1.034997951764;1.12683280309578;1.13077563269784;1.09025919011625;1.23405661746799;1.09290708965361;1.14944284028241;0.986652914829302;1.15363934383837;1.31583365170977;1.39964748688769;1.05552720374408;1.04876536733193;1.19714861159661;1.15400291289617;1.08908988001063;1.0530493174634;1.04043620690661;1.10019769819375;1.23882496439793;1.17133786279558;1.25874892932311;1.07570772238775;1.29500799085816;1.0807570580061;1.19006202728416;1.21399021710141;1.03933289483606;1.14416864076327;1.33625863430023;1.05227877211675;1.12527384531079;1.00496817895616;1.03012910731636;1.1389520715556;1.12254210121569;1.19065706333171;1.05725253673046;1.09264770158024;1.1245554806244;1.03866214649222;1.06888074147338;1.31069569050299;1.03739812527888;1.02162096317231;1.0889700662448;1.17659277833859;1.24983356204174;1.05774132730162;1.35155519608071;1.0809048810467;1.13198436647132;1.23312423011022;1.2085630831986;1.33706598506595
"Caqueta1";1.16273462789516;1.20419389758752;1.21239007471098;1.22934001108527;1.15332935616882;1.24466013988708;1.2066771109381;1.10509568987486;1.19318929411709;1.28184149546992;1.02883831618672;1.21727754655614;1.10642071403335;1.11582936103544;1.14177781637296;0.997565411199331;1.09823983833683;0;1.13646442370918;1.10217167473619;1.05372702859822;1.23474674846324;1.30113182039152;1.07718605156159;1.11908145570522;1.22754485288692;1.12572973938063;1.1269225345585;1.18624056095113;1.1982761302957;1.05624127027147;1.13789157631308;1.11607398397994;1.11245580844951;1.21726756874587;1.06376970608958;1.0829271914963;1.11374534928954;1.12031710408752;1.23546798353434;1.10422261792132;1.03778336518112;1.23286809437485;1.16091597450422;1.16116373991027;1.19625857247351;1.16152965676215;1.11396248621254;1.11875913302933;0.991637876611758;1.08878048143004;1.14986362576889;1.43105503043825;1.17759323710778;1.02205504727882;1.05154134383859;1.05483304846043;1.14741925332392;1.15079351037075;1.05488621981181;1.11323902422518;1.3622005604384;1.10287247610868;1.15763840385051;1.07500571821286;1.13372672836567;1.14456476698325;1.11439914761061;1.17797820714896;1.08622705858758;1.17141005852534;1.30293972955477;1.12971012100986;1.18681060326341;1.13780763822096;1.08874732614406;1.17956669151441;1.07389766954668;1.11752439477953;1.15158743811773;1.14776551373788;1.18989608338861;1.07508731828488;1.05268887427786;1.13343402208805;1.22204032594259;1.20983005277674;1.09737470558196;1.04170277638289;1.23311682766407;1.03447657215345;1.26948823404625;1.11963970352654;1.1271265909574;1.19785813430011;1.19682870195333;1.2542711003159
"Chapare";1.16297380224222;1.22585365181668;1.22741454634758;1.20724502565475;1.16617964418443;1.22002916590966;1.30746974030586;1.1249569176166;1.20316162425199;1.23090100781335;1.18906677847975;1.20845227075003;1.2023039355707;1.1393631761629;1.18961925904247;1.250130383177;1.23163481435087;1.13646442370918;0;1.21164132060504;1.15795689143966;1.32554947600545;1.34135478199634;1.15103423191685;1.1362130700544;1.25795499410728;1.14137484788386;1.09294958014551;1.14851578996442;1.2763075102718;1.1218344958274;1.10108034727228;1.20555996498211;1.12332704794091;1.21891836435251;1.14568681114038;1.1863743409424;1.23706049584277;1.11417573323299;1.22233098913203;1.20497577348153;1.19822071342188;1.32016685775461;1.19932205779468;1.24078978777868;1.19213291345558;1.1955498911301;1.17595161325828;1.12340492172317;1.0165116289959;1.17305067291433;1.14560953292433;1.31866235942563;1.20131998727051;1.08374267700003;1.17040379323185;1.15277833558158;1.16286806730085;1.20449925565003;1.12925026247873;1.08615308887803;1.28209139125926;1.14614283187466;1.21457781336839;1.13762070465567;1.21065013694301;1.26307367068078;1.3452110228064;1.18036745272877;1.16671658326276;1.15954300442804;1.25273914598856;1.20757158257794;1.27447282444947;1.21207519085844;1.15230859889614;1.33772998471482;1.1705600402386;1.15359062012591;1.18402706766988;1.13510951049397;1.21930028266429;1.20385303857569;1.10618295681987;1.13529744070335;1.24867838553719;1.217045836948;1.07714794720786;1.10620458656754;1.20965530431885;1.10813533844188;1.22877509331354;1.22962583352101;1.09983958250968;1.25930343580611;1.1150001414871;1.1728502448665
"Coari";1.16047712783366;1.16380781171936;1.04154373148094;1.05836605777986;0.970556749478497;1.01122851849655;1.04759098216106;1.13510431254037;1.18571035686862;1.3110745624343;1.05090516640995;1.26460742232315;1.09776695170858;1.13211548118382;0.994094204629777;1.00652820326005;0.962517205463674;1.10217167473619;1.21164132060504;0;1.14193511380888;1.23466584159609;1.20471188918307;1.07392882489237;1.19423762250431;1.29578927811961;1.13352372263398;1.18833384188834;1.07988442756075;1.21030315584769;1.11364205237274;1.04804712569246;0.979456738339722;1.0492537661359;1.16978516019984;1.10001914828492;1.04873223290057;1.07151109200963;1.20546132909999;1.03298361836751;0.97425137586808;0.927465100207866;1.00215834681173;1.05590319827597;1.07135614635803;1.10874327048221;1.17742654829864;1.0469788637634;1.16204632647564;0.980910173623968;1.13369318820875;1.20498433426158;1.29065330866644;1.1482502265242;0.988244595057486;1.1125951486015;1.06339489603805;1.04332606667152;1.05214534661283;1.01183697894272;1.08051821815815;1.22846241770478;1.10095656752557;1.23955329070275;1.06006810998689;1.21689549665752;1.06383557024656;1.19889596209378;1.13907547090728;1.05829273695537;1.15792874184562;1.30743521482247;1.00463155561522;1.1153343218209;1.0507060486415;0.938648008519725;1.25783912361559;1.13078437525216;1.07924548054761;1.05047872266517;1.04798675766227;1.21687311155602;0.984930211262397;1.08360832036178;1.2362984830507;0.972054473546037;1.05095817086424;1.1713149609811;1.07003383553524;1.2535519546611;0.985670891469738;1.26397403400323;1.11168685993286;1.14565855550401;1.25757783139074;1.21041165423415;1.29765749634784
"Curaray";1.08283042715755;1.16159134253589;1.16932184145445;1.0994460428992;1.1268816646482;1.22206914518072;1.21716084412446;1.15096472378516;1.21694450375445;1.38192559986852;1.00788036820476;1.29482898057364;0.944011689258738;1.03586293499288;1.04056984967238;1.01040792992668;1.19193783540833;1.05372702859822;1.15795689143966;1.14193511380888;0;1.30709012298013;1.33861948743425;1.09603117900029;1.16471190924158;1.25253056164259;1.0248393680601;1.16769352309768;1.18994291495662;1.16238222894156;0.999938359032597;1.18697155917296;1.01797393971895;1.12685305727669;1.29885842099182;1.00938071937471;1.01553423663753;1.1048311044733;1.17327453863461;1.17120547920166;1.07809707717226;1.04729618983191;1.24096002229618;1.09774628657742;1.04987344660787;1.19190042144064;1.05224878338555;1.00455841754295;1.03993385327687;1.01236433037283;1.14254518145704;1.14738252519884;1.50649055306056;1.18804844139081;1.05112933081681;1.13486316416709;0.951025980131046;1.08656411056878;1.15334576264907;1.05622795811336;1.12901100651074;1.41198973480951;0.976147826828841;1.18314583083129;1.14837341799689;1.17232046784741;1.10121765070932;1.18319458910789;1.10460714606231;0.985744234191131;1.18861604079624;1.30038446993278;1.07433230398767;1.16071223335944;1.16136259827391;1.12651439625719;1.21888006933083;1.06911536880057;1.0416733159213;1.102873083507;1.16989446328249;1.19318080299959;1.01731888349316;1.1054196005759;1.21795280466964;1.2168786746512;1.27520041914223;1.13911960726886;1.00676184449697;1.28722529070884;1.08854199483715;1.31612009254664;1.09242416685347;1.13828548063471;1.26157431203837;1.24075497579974;1.2020604158332
"Curua";1.2710079225261;1.32373942191521;1.29705564322182;1.25854352658167;1.25337601488429;1.2540032838079;1.19030295428388;1.17269358630742;1.31018004212491;1.3089622337487;1.28523062390329;1.31399997830758;1.29349241286164;1.2847888020129;1.26460700605971;1.34235782100459;1.20706187721836;1.23474674846324;1.32554947600545;1.23466584159609;1.30709012298013;0;1.22542830899575;1.16848210978408;1.13481656060961;1.34282251329516;1.27024285658381;1.30264498378482;1.27326317842161;1.34107985533435;1.26892805368221;1.20696684373593;1.274212425345;1.3133125513227;1.24174928582637;1.28202130057543;1.31737830011161;1.28904496847794;1.23835105292458;1.253322568946;1.23252499653091;1.2952434627786;1.28909246219655;1.24513080238899;1.29016391915341;1.30805530839151;1.30166771716062;1.25569465691627;1.29095072728353;1.05165795988255;1.25791354152106;1.31732761832783;1.31173979313815;1.19582875843933;1.19168554069763;1.2725660730406;1.28840356772003;1.28555496622744;1.21213852558673;1.23927249177743;1.17751802209855;1.21041053144815;1.29636648421339;1.27832665067581;1.06051790442346;1.32774801906492;1.3107932711049;1.22728821191278;1.32874900779149;1.26276626915196;1.16753053777525;1.27426412502167;1.26878425838455;1.30429694424875;1.22701143919312;1.22683887151541;1.25339764495157;1.22222589391077;1.28597225604168;1.27021672272041;1.23489584131933;1.16697459051496;1.25483354619828;1.24621551407013;1.29251855348511;1.29042306862772;1.25205314097883;1.1676514539138;1.21736536331462;1.18210762231294;1.24878868626659;1.37321436021538;1.28966029440794;1.23810378054097;1.18653035668672;1.25054867565871;1.26353406983671
"Curua_Una";1.2905143221775;1.18799099641011;1.21636860848433;1.18434763382101;1.15339618066903;1.1750760000867;1.19985827630718;1.2515045960579;1.24355184915911;1.23485964058485;1.26036260899679;1.16524264123593;1.28605350485908;1.28579150281171;1.16252127128531;1.30702406959214;1.1535426903159;1.30113182039152;1.34135478199634;1.20471188918307;1.33861948743425;1.22542830899575;0;1.12701888065154;1.0964740667862;1.3302332048626;1.30328939903933;1.29052589646374;1.08788433379729;1.3120270836752;1.23702505645406;1.09742475426524;1.20272700120038;1.09054201577589;1.22314860841285;1.29730759542723;1.30874733781814;1.29701047123295;1.16336904114948;1.09169079241883;1.19586529501677;1.20121349696044;1.21682945814708;1.23603583943468;1.27229002104662;1.21067571853032;1.3829444822102;1.23178283054981;1.33626695467542;0.989073187696947;1.31746098592305;1.34189817275644;1.39939042293434;1.21386656497348;1.17827254893803;1.30299653373419;1.33364919405847;1.25236872547434;1.13868132902017;1.21988420652938;1.11674966192714;1.05435509540509;1.35535291679509;1.3108751667982;1.01765475431494;1.3895829100469;1.28265979888559;1.23657091781276;1.36360864633699;1.26180552613933;1.22724161303818;1.34995137937279;1.22022192051559;1.28125036227443;1.1707362260528;1.17018206908827;1.27737380089526;1.28762549873024;1.32420523192715;1.17035463154065;1.10307281906502;1.08322330649751;1.15692538769396;1.12712362090841;1.38587744067292;1.1438935199926;1.10295865347006;1.16717321024903;1.25872042634333;1.29341973778444;1.10611936331642;1.34194369946693;1.15867060506494;1.09783354134637;1.18932384029864;1.05832569698875;1.36536387100934
