"Abuna";"Amazon1";"Amazon2";"Amazon5";"Amazon8";"Amazon9";"Andira1";"Apaporis";"Apurimac1";"Arinos";"Aripuana";"Bacaja";"Beni";"Blanco_Baures";"Branco";"Candeias";"Canuma";"Caqueta1";"Chapare";"Coari";"Curaray";"Curua";"Curua_Una";"Demini";"Fresco";"Grande";"Guapore";"Huallaga";"Iriri";"Isiboro";"Itonamas";"Jamanxim";"Japura1";"Jari";"Jatapu";"Javary1";"Jiparana";"Jurua1";"Juruena1";"Jutai";"Luna";"Madera1";"Madera2";"Madera3";"Madera4";"Madera6";"Madre_Dios";"Mamore1";"Mamore2";"Mantaro";"Maranon1";"Maranon3";"Maranon5";"Marmelos";"Maues";"Napo1";"Napo2";"Negro1";"Negro2";"Negro3";"Negro5";"Nhamunda";"Orthon";"Pachitea";"Paru_Este";"Pastaza";"Purus1";"Purus2";"Purus3";"Putumayo";"Roosevelt";"Santiago";"Solimoes1";"Solimoes2";"Solimoes3";"Solimoes4";"Solimoes7";"Solimoes8";"Solimoes9";"Tapajos1";"Tapajos2";"Tapaua";"Tefe";"Teles_Pires";"Tigre";"Trombetas1";"Uatuma1";"Uaupes";"Ucayali1";"Ucayali2";"Unini";"Urubamba";"Xingu1";"Xingu3";"Xingu4";"Xingu6";"Yacuma"
"Abuna";0;241.508863718388;239.625178519053;239.34264163778;238.141997190167;241.238820087304;240.884254083233;235.267439232478;210.001880521181;222.93252337437;235.063476962958;227.573714449795;231.885023659716;232.080246088185;237.522227996973;229.522701992079;236.581286616121;229.833079458758;225.259392633562;240.70214086102;229.434922804086;237.91636657504;239.647906302161;237.104105877875;230.32484918644;226.702934699111;233.368192224193;230.298535410081;229.536243121842;226.497034202023;234.890505441975;227.632738015916;235.394892873574;239.67503999375;236.083090337487;232.831935401936;230.850911437971;235.267684347716;230.678123450085;239.737373773241;238.417898701133;241.070494515049;238.992079004054;234.096949642429;234.120488934983;231.305204004864;231.569811597425;235.005484404049;231.515916836065;223.991905744114;231.703334272098;230.994249801276;229.588565333026;238.437602817304;241.557873394549;228.71414073586;228.858130512906;239.305138959414;240.188960829874;237.02526816593;231.021474952033;241.2520501225;229.96186778774;228.33446975987;228.260191331505;226.836469276087;237.016343200415;235.073687622929;232.84694660489;233.900739194213;229.28014426578;227.853551114107;240.24743389345;238.685031973641;238.021132669155;241.303215367497;232.658933386725;232.824366942699;234.361299727049;237.429242503744;231.753772155941;231.280787545611;236.505202053754;230.472083313551;228.003298826217;242.297100738307;238.155427879592;232.116620911641;232.117321533947;226.658262873944;238.496742494673;225.756225825082;236.220182675067;229.994505271697;230.551080418807;228.699634820511;231.672027514973
"Amazon1";241.508863718388;0;248.206502514744;248.275250951275;246.950183520258;249.162402404881;250.947614197804;246.524547045058;225.507972504776;236.095697851153;245.080777728595;239.372831480272;241.997397757821;242.841590591524;246.95766302129;239.96646780264;246.354674320785;241.525672034838;237.207867868496;249.697246082083;239.828207137179;247.899903977787;248.718502582916;246.25524029274;242.373677509959;238.787933939967;243.453940051325;241.453681457006;241.448060178301;238.320313561191;245.067352870962;239.789574354845;244.203041760839;247.194462083983;246.854938759578;242.440888072944;241.560792491596;244.556193241317;241.939360583995;247.857043683426;247.381062107297;249.067089106281;247.327038733935;244.118661909625;243.536506787007;241.447084927516;241.878980248941;244.337928436771;242.16562743576;235.408646506042;242.581077469657;241.119851727407;239.795326961216;248.23501898078;250.858347703876;240.443385767888;239.609367085742;247.812299821618;248.113447535601;246.430814278078;241.939117317714;250.248889088126;240.45730511296;240.294097428607;239.761598065514;238.218610239673;245.950198956054;245.103632152792;243.109764639401;244.092056485538;240.050173736349;238.71392731611;248.622393816204;246.972172864342;247.710476676927;248.753669223112;241.946830879833;242.882375243314;243.62721879729;247.015584468394;242.702442411359;240.956812411656;245.360550138434;242.182700162617;240.016338950432;250.763876238508;248.100905195013;242.396296933019;242.568494139905;238.608116441265;247.761967580203;237.58143692845;246.018874707598;241.505923376377;242.01825335505;240.476392652943;242.541543839231
"Amazon2";239.625178519053;248.206502514744;0;246.832645974803;245.637572400718;248.123073739833;248.768394098623;244.198788956159;223.694572986445;234.186725206551;243.470433145632;237.486798142954;240.607902913279;240.965717948621;245.457255196975;238.63671258088;244.840518944723;239.504201780943;235.396994222166;248.191165123687;238.517875322827;246.404751429649;247.36848827846;245.074729599554;240.309738859113;236.881709108923;241.865120743513;239.704716522381;239.285634451613;236.38959912077;243.267031212623;237.794180933339;243.183422899849;246.601926118968;244.818133318685;241.311852025581;239.90398613629;243.377563137411;240.150773770243;246.847350099706;246.062002405908;248.005808265487;246.23679661014;242.495781297926;242.327621443029;240.060456245996;240.498026848271;243.035182666982;240.436678031981;233.971913045405;240.832222984387;239.82872971827;238.654242642346;246.532197880051;249.195928124424;238.755052438654;238.265357397279;246.606859513096;247.173973010281;245.027601124936;240.161055745109;248.512597364872;238.985002920055;238.472549534434;237.837441153423;236.620979214996;244.76800038145;243.655037226069;241.672698180276;242.551349074592;238.736826440949;237.293388039732;247.382919548785;245.878125253977;245.919461841157;247.944270515329;240.949270256728;241.411275051792;242.515436723148;245.391209895202;240.948153821631;240.199462321577;244.233513453769;240.130766235834;238.253149159348;249.325615880128;246.30486400162;240.94032346226;241.041007115608;236.928298759365;246.384865790226;236.046231199042;244.334908886361;239.378978593573;240.21613335564;238.497120083752;240.7668130513
"Amazon5";239.34264163778;248.275250951275;246.832645974803;0;245.416248647579;247.993915483729;247.941533522258;243.261808610213;223.100066030662;233.390324393398;243.169681323431;237.05673791777;240.534340487189;240.673952531647;245.152092602124;238.503358137385;244.273547938186;238.925046374813;235.280585889394;247.789764676881;238.614108118649;245.535404119893;246.767777793384;244.465294270363;239.373831983817;236.605489769345;241.709904537959;239.578633958099;238.691818491944;236.221758254491;243.040032962529;237.218870434297;243.267900260783;246.604036993159;243.837284102899;241.256938078227;239.761926256529;243.297515224847;239.51187269575;246.75874005308;245.828692264992;247.966500300472;246.188576470521;242.282464545934;242.316899252583;239.950441001569;240.397132054443;242.943532662851;240.254045914985;234.624142878003;240.485747761975;240.027645680824;238.818081553287;245.917103975134;248.439935593465;238.219139539643;238.215367764361;246.487948514214;247.086418788846;244.65843800923;239.642363550988;247.864721904655;238.904638320335;238.097107160694;237.259238557114;236.592141970851;244.674289984756;243.129429652295;241.638440193546;242.271133555351;238.325692551732;237.34037611107;247.316049109737;245.883194473917;245.458394712;248.059724532367;240.905635891882;241.261682496012;242.526970608545;245.086981242701;240.490875941752;239.871970680404;244.16130794202;239.500699437;237.74330006054;248.988163274727;245.654618653675;240.389985232402;240.874881241049;236.501566001181;245.895845406252;235.91330076565;244.076475423786;239.012858332639;239.660736500213;237.876059981121;240.46897075518
"Amazon8";238.141997190167;246.950183520258;245.637572400718;245.416248647579;0;246.726559126248;247.257610260237;242.565456982391;222.284776604071;232.63400071955;241.992447710563;235.904574903336;239.206112932513;239.539212295469;244.015060853144;237.096118381962;243.320543811541;237.982113277191;233.912953044069;246.768735782117;237.11762757561;245.085886372447;245.943410022763;243.48888993209;238.908850426563;235.385271399605;240.473104089774;238.423660924166;237.743269611095;234.868733282755;241.868718020721;236.247214658522;241.766374291325;245.17447806024;243.185296186305;239.892402445472;238.433226320868;242.024352820462;238.5736182372;245.478747750392;244.646767321518;246.688896238401;244.820139295366;241.035220487734;240.88203779513;238.56042145356;239.153866603245;241.624970232522;239.005597390789;232.499871023286;239.435904714553;238.549840769024;237.393713476127;244.981625240449;247.742742686192;237.372409193861;236.88419026731;245.216270902837;245.784251732246;243.572081671632;238.509444878416;246.970424362817;237.552674153521;237.265824774181;236.07392354383;235.256906701047;243.356925043621;242.146943725934;240.40271423447;241.160651526271;237.30559368604;235.958816241545;246.055718830704;244.468783525969;244.426349549999;246.660750956905;239.509685859209;239.994818387413;241.170667741388;243.978087893601;239.441996614879;238.678049381843;242.802235844814;238.60251947565;236.930488936578;247.89282332766;244.704579079185;239.36375645446;239.69474746835;235.649538808834;244.860738184818;234.684888326078;242.8800311045;237.84840660094;238.766968918457;236.918183889615;239.386212222373
"Amazon9";241.238820087304;249.162402404881;248.123073739833;247.993915483729;246.726559126248;0;249.980501516922;245.717246189015;226.542397020744;236.490437158454;244.845128963022;239.285397987699;241.954663146853;242.478871625645;246.697700140445;240.166051217498;246.122516073198;241.203272575394;237.130068100169;249.258330378941;240.017447058702;247.707313076431;248.553186499841;246.127346269508;242.082132126355;238.727031657061;243.221596527098;241.305577169013;241.095642470601;238.159029355507;244.551986409532;239.612333369264;244.38012781308;247.62795804539;246.266551566349;242.668632706378;241.436003078827;244.615066493184;241.798669026922;247.958677851921;247.225537334785;248.941770525284;247.179403565075;243.781073592151;243.578270352484;241.476444121197;241.945719197464;244.229248378536;241.929486798879;235.603003775052;242.258920644296;241.156098545473;240.069483164494;247.637106445164;250.264658785228;240.627028825928;239.849974679985;247.653950773983;248.104613053953;246.171844800175;241.612468605528;249.441848089378;240.402383505368;240.294474050717;239.518568417081;238.310882198225;245.963104873011;244.954588146851;243.144329998465;243.961429995562;240.298426749694;238.809324099596;248.440798151156;246.934356336582;247.19798325302;248.842839630664;242.141392013471;242.748932866647;243.779604366467;246.663792169288;242.526398829584;241.525467590351;245.40562568778;241.863321069253;240.062199533556;250.407022568559;247.581600361391;242.309309925677;242.494526001005;238.633504445372;247.555974422745;237.810643976456;245.685598802621;241.077251316731;241.934173229098;240.308228665836;242.247661699235
"Andira1";240.884254083233;250.947614197804;248.768394098623;247.941533522258;247.257610260237;249.980501516922;0;241.937029763683;224.299896102165;233.026886522433;244.67515463456;238.24373813027;242.985030966654;242.093159231466;246.574544432141;240.79625367608;244.802090621785;239.438671955727;237.793543682903;248.626924880069;241.952464987761;244.537066866272;246.858934608573;244.881205531927;238.230514057408;238.268789789463;243.838740068779;241.808285784499;239.032718440284;238.296250087138;244.734988066393;237.878470370902;246.13895093344;249.178911250644;242.417838306363;243.885840398291;241.950733124969;245.73819798568;239.894422358504;248.881293709206;247.297494070127;250.314755540091;248.54730293366;244.155306331478;245.084953657555;242.266630628973;242.81560354649;245.239843596738;242.163276164505;240.192494213795;241.928142799594;243.837621658139;242.258391850987;246.327697268059;247.754688717435;238.835187055998;240.953430635784;248.620510223254;249.421989782142;245.993705585689;240.675957139732;247.617714222493;241.565570274739;239.397676427638;237.352253765021;239.457524417286;246.91243131902;243.716262981661;244.150816354345;243.862201982915;239.274164661589;240.295972425928;249.399974153567;248.365507454941;246.12347054636;250.788910306523;243.604882692471;243.534292023273;245.321464562213;246.475376195103;241.396156028628;241.704543575307;246.507627460326;239.840779009729;238.732694249461;250.078016878278;245.796702951708;241.260056051967;243.00193526847;237.796842979504;246.84958272582;238.509455857354;245.644081234741;240.330476858301;240.253110374202;238.24925009787;242.005049297699
"Apaporis";235.267439232478;246.524547045058;244.198788956159;243.261808610213;242.565456982391;245.717246189015;241.937029763683;0;215.662481780262;225.688562402885;239.478431195822;232.181733306643;237.777145023289;236.814080496156;241.706362703037;235.182201565724;239.278377585527;233.426411904203;231.826204873612;243.922927886657;236.844780482546;239.231029719787;241.975666032996;239.844660060474;231.501464614793;232.176589496134;238.953102084502;236.89234456896;232.875141832166;232.295715661903;239.892202904899;231.685314931364;241.440892636149;244.695415988892;236.459782267816;238.72068390071;236.590513246938;240.938066589632;233.821701069594;244.24390780029;242.411739429868;246.075918692155;243.968280840569;238.974277099774;240.187884179768;236.569226380851;237.537412051827;240.359730585896;236.837091927091;235.949103933409;236.660114514973;239.27920468194;237.586852035313;241.481476223348;242.759391094012;232.393170508558;235.582215494752;244.18103768632;245.125316056102;241.244563673699;235.069363286821;243.115353025965;236.245320570415;233.685427223558;231.201815414946;234.138161164679;242.132873229947;238.154739924325;239.200281710155;238.645989042781;233.318055960836;235.160035466328;244.990802956795;243.738943173048;240.988882120499;246.599615241775;238.442237406602;238.568485632704;240.529075577068;241.720730488788;235.705317080091;236.471094397752;241.702719458365;233.726607967331;232.839611616172;245.420028803121;240.429809520723;235.673257090578;237.96885293984;231.847519688829;242.064161471584;232.684581068632;240.700953784018;234.752402826084;234.423696122513;231.847660309332;236.671529477823
"Apurimac1";210.001880521181;225.507972504776;223.694572986445;223.100066030662;222.284776604071;226.542397020744;224.299896102165;215.662481780262;0;194.3560409544;216.622883572514;205.042376067769;212.158500137436;212.782078782619;219.955634458276;209.142337330816;217.488765114589;207.336198937022;202.023945873889;224.602832489614;209.074285731353;216.015151587203;221.687415407246;218.369907521321;204.558827083497;203.406055988292;214.840811118125;207.807837046585;207.331834081634;204.383893801646;217.158242164334;203.800264595563;218.571637129199;224.883446949967;215.845208471453;213.829447353759;211.055214944596;216.717146021467;208.723259054261;223.891230733832;221.612547450824;226.055044552598;223.683041725929;215.864017820321;216.158980816456;211.817932424594;210.340945772582;217.480252484324;212.373217025142;199.073846188814;211.222733003802;210.808041893441;207.109273477089;220.920416433865;224.22576959177;203.435549896235;206.481172358778;223.601954954893;224.510926455166;218.911616514321;210.320438249556;225.79814093302;209.595263779178;201.442588174687;205.972366202699;203.661179746727;219.912296198595;215.310198702731;212.775961445365;214.19107336089;205.809364387669;205.589976592181;225.047838000712;223.698162454385;220.989733608327;227.334298953624;213.442368965355;213.822030004149;216.211089361393;220.292086608077;210.768898015287;208.540011730322;219.468816922454;208.007331218622;201.889302846977;227.691627552714;220.159295330828;211.200046623569;211.395176202574;198.212231933895;220.449045321111;199.468491727786;219.058299037771;210.101326420991;207.83178344137;205.797300745053;211.152470516876
"Arinos";222.93252337437;236.095697851153;234.186725206551;233.390324393398;232.63400071955;236.490437158454;233.026886522433;225.688562402885;194.3560409544;0;228.338954404626;218.570546431029;225.79311715483;225.012359827038;231.056146558362;222.348326896637;228.72263998537;220.787469893142;217.88459931532;234.578542258448;223.637194047447;227.866899882496;231.919624171424;229.309483358595;218.471731752361;218.4063326038;227.266759419488;223.094532141004;220.107923538624;218.96362034923;229.035517678605;217.917987432365;230.275146967891;234.86998891953;226.132179405315;226.794839575174;224.210020353667;229.4008113968;221.099287890564;234.379675205839;232.340913484972;236.586136985096;234.450748215155;228.082148496612;228.697225171506;224.868885945537;224.875910566985;229.461233167745;224.957190600669;220.507737051155;224.62470773073;226.301448303535;223.560855608728;231.621791369982;233.719065675578;218.348336941652;221.718082750075;234.252912077536;235.348582838716;230.425510488882;223.02570239069;234.581337631203;223.814947360536;218.693169023987;217.998488060083;219.631201923164;231.382050702386;227.153143454622;226.650378149783;226.930330347783;219.779603430766;221.301884121997;235.34609672616;234.177187968991;231.103577407514;237.331301962258;226.761761265003;226.718983755925;228.871593462508;231.162606928452;223.331333924406;222.89974681768;230.974816826929;220.87073976566;218.101822959778;236.640521842615;230.502028987139;223.785322298079;225.303272264504;217.017777800018;231.38805778322;217.513809117559;229.997613433069;222.323853956207;221.056191749236;218.7197198187;224.366288424142
"Aripuana";235.063476962958;245.080777728595;243.470433145632;243.169681323431;241.992447710563;244.845128963022;244.67515463456;239.478431195822;216.622883572514;228.338954404626;0;232.530941388668;236.446384853498;236.657368085576;241.511038331775;234.203997452752;240.619484424049;234.579160081646;230.484438615036;244.429939787609;234.229411419897;241.959980746206;243.436507548907;240.959620063471;235.047934706432;231.81197657888;237.759180958996;235.22550599205;234.307936988811;231.554125081271;239.205422417066;232.619906230657;239.560121982247;243.318065992822;240.109484893034;237.242921382382;235.48321714332;239.493980645967;235.211525094378;243.459696241576;242.320491535651;244.717035168961;242.809530144281;238.41564773751;238.392318955922;235.837655980655;236.181070934566;239.205222157566;236.12617174822;229.380252451641;236.374516111244;235.728240717443;234.451176896999;242.376629468563;245.244568132094;233.674045467332;233.752449785322;243.074590452372;243.837000045652;240.994819816157;235.489441585643;244.792315217301;234.671319726938;233.460961673099;232.816522480439;231.94362573372;241.035417382368;239.310166267391;237.492410803674;238.293562580732;233.969266736298;232.822407807335;244.018872014976;242.532245264079;241.952745177747;244.933975303928;237.027171575313;237.256611504262;238.671273935065;241.484837714929;236.328009586974;235.725548313455;240.546830121242;235.131198820472;233.077770208699;245.86010956086;242.091518127501;236.430272222361;236.741972144896;231.780335843499;242.386886995435;231.021199048895;240.361077000293;234.748120241057;235.341332734013;233.430944692705;236.333454756635
"Bacaja";227.573714449795;239.372831480272;237.486798142954;237.05673791777;235.904574903336;239.285397987699;238.24373813027;232.181733306643;205.042376067769;218.570546431029;232.530941388668;0;229.472677989176;229.441349301355;235.052459487442;226.790135809464;233.798437956822;226.680400653705;222.373888471057;238.454399296059;226.958697975942;234.547755376758;236.834232859548;234.278944786779;226.50314536654;223.638088504595;230.941393843227;227.437883808656;226.167576569059;223.60423119108;232.554987939554;224.236248726163;233.253500728108;237.589181928962;232.818721172853;230.429391468519;228.234936189429;232.913829572499;227.335543713102;237.666549297804;236.146546913252;239.170367106987;237.097647019975;231.718808732354;231.837141012822;228.894209699279;228.960317594748;232.797409055711;228.995110843562;221.969686324009;229.06132679275;228.715936928689;227.099202892435;235.933884344698;238.892781605186;225.311490188121;226.06223468055;237.191021813334;238.089689039295;234.461765916384;228.003395799289;238.81644065355;227.507432601627;225.007042480677;224.754915346347;223.958136555947;234.722687768998;232.247814462;230.376043054433;231.305525577349;226.026621748583;225.285860945181;238.241060558641;236.759188884416;235.496437466697;239.636610821524;230.264338103648;230.35609618528;232.125844594564;234.989572320467;228.74284313958;228.117587515113;234.283493358606;227.140515877434;224.579161299684;240.130811986775;235.381145815094;229.09274550208;229.465181511031;223.415134489137;235.762234195989;222.648189199071;233.718536716977;226.90445915709;227.123722933156;225.245954036261;228.924869884917
"Beni";231.885023659716;241.997397757821;240.607902913279;240.534340487189;239.206112932513;241.954663146853;242.985030966654;237.777145023289;212.158500137436;225.79311715483;236.446384853498;229.472677989176;0;233.501070995027;238.759447896505;230.825226742135;238.206532437159;231.71019732933;226.351555133832;241.941758591585;230.090613754666;239.689552606258;241.2061915499;238.47990508897;232.709176548062;228.106069648432;234.340553260158;231.171559262395;231.808955931339;227.942009415742;235.893537295963;229.761343058388;236.196740575199;240.432367564221;238.483756014753;233.727904824616;232.108960087645;236.026272656316;232.627603340463;240.772685734126;239.541827950535;241.646278934707;239.652744945159;235.194731410035;234.874735346347;232.516098603786;232.346540627698;235.845536520162;232.709831393822;223.41244518695;232.892803688615;231.069445450493;229.843152232902;239.947078656573;243.277879879599;230.733226884694;229.785318771312;240.076394648255;240.818582374706;238.109437524338;232.651877562112;242.713752403522;230.807742778341;229.603537484395;230.440517200651;227.721442573872;237.924579772076;236.536924043457;233.683234192995;235.110788979367;230.955981542161;228.467795179546;241.05821039516;239.456648702865;239.613074183867;241.802547227453;233.320271142096;233.709070390432;235.044025926346;238.688764013733;233.545953312654;232.281986362251;237.414654645923;232.566415690468;229.578200225671;243.640826598356;239.957344197439;233.63806474666;233.091213782597;227.739402018284;239.834472716543;226.586920211888;237.572777778076;231.815009628719;232.506711507433;230.92305132715;232.870516457135
"Blanco_Baures";232.080246088185;242.841590591524;240.965717948621;240.673952531647;239.539212295469;242.478871625645;242.093159231466;236.814080496156;212.782078782619;225.012359827038;236.657368085576;229.441349301355;233.501070995027;0;238.942633527507;231.359147248957;238.096140709225;231.54355620998;227.257068758459;242.004334105168;231.198076039185;239.129249995335;240.891277431333;238.38053174955;231.96979802911;228.628139530852;234.808433102954;231.886808911312;231.35270591208;228.399892544226;236.268897205467;229.551783116366;236.953725032431;241.082944785652;237.468326741295;234.473603208252;232.617968440558;236.748828282091;232.369637417308;241.141937767337;239.819394659266;242.345208496806;240.42881965256;235.672110588509;235.732962059407;233.166142324522;233.217972601144;236.493525095851;233.076716483482;226.040204861862;233.291092594968;232.680616795435;231.27115926452;239.817533920922;242.716014558543;230.584720195801;230.65439408474;240.579284604557;241.430623023704;238.345813905517;232.672963530704;242.291815665567;231.680821941624;230.058765797414;229.912604893568;228.631394324079;238.47209670291;236.56906275919;234.458290090503;235.457649856487;230.97657473778;229.635292720421;241.533123449692;240.095804884084;239.360607892921;242.599557169879;234.264239694784;234.335112195804;235.881127629329;238.834716668344;233.444260058435;232.83322847961;237.980037766838;232.236010992076;229.745239005266;243.596112211943;239.627888849025;233.636962057116;233.695795297236;228.465172028871;239.807480808243;227.790095415294;237.709258375805;231.686235494836;232.151351668047;230.537297731324;233.138004745455
"Branco";237.522227996973;246.95766302129;245.457255196975;245.152092602124;244.015060853144;246.697700140445;246.574544432141;241.706362703037;219.955634458276;231.056146558362;241.511038331775;235.052459487442;238.759447896505;238.942633527507;0;236.645145923697;242.749786915493;236.997796715786;233.147766248039;246.371395583803;236.669871718212;243.869723595085;245.364258110475;242.890702182742;237.408745667018;234.454487743948;239.990334205399;237.506553878951;236.799281843928;234.185800585132;241.384609450976;235.143408485569;241.720011193122;245.292843801573;242.242310779022;239.554892124219;237.909024232478;241.640273015942;237.623502256447;245.449740196646;244.359889116767;246.630809029116;244.828634275524;240.670198880877;240.645411670221;238.258512242275;238.513458998798;241.374970808059;238.491069154315;232.151532287179;238.691537506743;238.062200538126;236.714368733225;244.400547960824;247.07914591246;236.178027545026;236.191407662369;245.050799954564;245.714927420466;243.006730878134;237.791891614846;246.558957070351;237.088969611754;235.852131067583;235.186079469354;234.442480424669;243.137895124349;241.482576706147;239.809280376666;240.533047100969;236.356182102656;235.251650434103;245.966230908286;244.596372640638;244.022859628508;246.82828858524;239.265016817528;239.499772123624;240.86650660045;243.546781998579;238.64776892785;237.873652980027;242.655590136615;237.572295290452;235.508448032477;247.756358265782;244.160343287459;238.66089277341;239.008989237405;234.235536828524;244.339958812023;233.603408847285;242.514966631561;237.176391121594;237.713890717375;235.950264463355;238.61173120184
"Candeias";229.522701992079;239.96646780264;238.63671258088;238.503358137385;237.096118381962;240.166051217498;240.79625367608;235.182201565724;209.142337330816;222.348326896637;234.203997452752;226.790135809464;230.825226742135;231.359147248957;236.645145923697;0;235.941849823773;229.262418264137;224.231477479724;240.02170476277;228.035428462123;237.781966937887;239.144141981885;236.270387132041;230.345260144295;225.825869423509;232.411493627023;229.340402935819;229.099879335884;225.575686683195;234.182013843381;227.064471191081;234.021477248828;238.270316035073;235.86925345188;231.579411730474;229.805849552144;234.111091159091;230.042571687333;238.61366633613;237.465452604766;239.960207108943;237.838387690456;233.214104317062;232.819320617921;230.189588257494;230.517346998387;233.957414970566;230.642682161645;222.01245316443;231.012854134602;229.689191317167;228.191493740324;237.985722475804;241.319607509101;228.05607598902;227.647152033834;238.210339178244;239.039419114677;236.184676619884;230.218539348069;240.850551113311;228.933698654205;227.670162547294;227.133431812547;225.629531013273;235.841403054264;234.306771564118;231.83948615909;233.060754671933;228.376208270345;226.59950321063;239.229936470497;237.502805255306;237.386403858431;240.02295936608;231.365171966547;231.777168863126;233.106943026494;236.66654497767;231.029641631104;229.979052537079;235.32652903272;229.945987007054;227.34050662005;241.560191296937;237.605724718729;231.278403425042;231.154931818978;226.070328381849;237.692976743632;224.586678390975;235.399428723317;229.334404834248;230.003216897315;228.154533287644;230.987347415348
"Canuma";236.581286616121;246.354674320785;244.840518944723;244.273547938186;243.320543811541;246.122516073198;244.802090621785;239.278377585527;217.488765114589;228.72263998537;240.619484424049;233.798437956822;238.206532437159;238.096140709225;242.749786915493;235.941849823773;0;235.490657148736;232.4714733904;245.312008783803;236.550994617276;241.520416176167;243.798977272845;241.401283414603;234.728309578049;233.617909833934;239.497387800962;237.251700741731;235.190730349409;233.438263154317;240.74398994911;233.588160587263;241.489791281496;244.843640439539;239.891188395711;238.97067255511;237.29387735196;241.133761724865;236.031590766326;244.691915046969;243.476725973399;246.207685177361;244.231750973892;239.798036177934;240.296433763336;237.31422729745;237.894555770452;240.774912256725;237.788824732907;234.014580754548;237.612620746139;238.284400264839;237.021506261669;243.021133297302;245.103124168869;234.313061676947;235.700536227019;244.577783275069;245.175569341856;242.111217718583;236.564741480033;245.263679429745;236.514997856692;234.73499568225;234.042933601399;234.196920730346;242.564552965965;239.889816002022;239.423604214575;239.589033769794;234.928408394953;235.142677166222;245.479861224813;244.096421390745;242.783864981672;246.599705623528;238.534570958369;238.94982986305;240.496018881809;242.753729702526;237.423188731829;236.87386767728;242.091451068254;235.932889619645;234.077823913221;246.747223339834;242.487830402478;237.171915684624;238.431854377036;232.876077965873;243.201801719742;232.982628517798;241.786046380478;236.232404233241;236.229248012326;234.165808733028;237.72595892993
"Caqueta1";229.833079458758;241.525672034838;239.504201780943;238.925046374813;237.982113277191;241.203272575394;239.438671955727;233.426411904203;207.336198937022;220.787469893142;234.579160081646;226.680400653705;231.71019732933;231.54355620998;236.997796715786;229.262418264137;235.490657148736;0;224.927074881696;240.055291248931;229.530627803622;235.718422219164;238.459902535914;235.857546326441;227.952360813009;225.956606842766;233.094288763502;229.797302708953;228.361006331763;226.128799685735;234.555122528777;226.418645121106;235.692113597506;239.876100877599;234.030141244063;232.702662187921;230.608690848672;235.068525527896;229.326764269285;239.711616643222;238.022275920845;241.164336811272;239.15921904946;233.802675416356;234.206634662899;231.202502180907;231.159438380469;234.934037779167;231.194675673853;224.918801302124;230.958883027507;231.250381362393;229.591172882636;237.516879227616;240.076370226927;227.169891777794;228.508788140206;239.164355246049;240.125298238361;236.280011341835;230.039491889567;240.177661478845;229.834598261312;226.93305217245;226.783681616827;226.490105457441;236.898332985598;233.942297017728;232.661595039268;233.220646218544;228.149166186551;227.699878222575;240.276818367078;238.929976148477;237.274850765565;241.74994463309;232.512111602749;232.485102598395;234.350171695743;236.993536544497;230.859492816083;230.288599375333;236.476722102625;229.134985812909;226.411101288979;241.938108527942;237.020456668155;230.924763469004;231.633232268726;225.106986142284;237.642482118833;225.069562985419;235.905309257375;229.464575373255;229.299977968131;227.343092035687;231.010028263826
"Chapare";225.259392633562;237.207867868496;235.396994222166;235.280585889394;233.912953044069;237.130068100169;237.793543682903;231.826204873612;202.023945873889;217.88459931532;230.484438615036;222.373888471057;226.351555133832;227.257068758459;233.147766248039;224.231477479724;232.4714733904;224.927074881696;0;236.749883587218;223.381345262514;234.007002373337;236.001278605484;233.069811857194;225.878660842872;220.74068494614;228.309110562098;224.320986324208;224.999795841974;220.719024616839;229.977617718593;222.584520314033;230.580081982984;235.483915298252;232.650646127883;227.605248111532;225.57493737456;230.167779961939;226.057057921754;235.690292893223;234.158350738217;236.680862293868;234.488399240104;229.176342590017;228.914236649991;226.179662440976;225.880537104808;230.13474155974;226.355037926454;215.91827648156;226.42876435958;224.483299472426;223.195976663186;234.403340448961;238.222311110436;223.611905919818;222.943106674901;234.878280764097;235.842911570053;232.516372594803;226.196631968717;237.90375424415;224.3129089093;222.301178220816;223.800798605675;220.549002149752;232.379913312934;230.533889870607;227.30174631581;228.967163852097;224.378259521082;221.620570875095;235.996273932548;234.316920054355;234.137376767714;237.123657459698;227.319353856929;227.552917921041;229.165346677333;233.080160108988;227.101532960013;225.930503645979;231.877140386926;225.793279912454;222.217692802721;238.764665008961;234.280306516797;227.496235352359;226.690271280757;220.411360666789;234.317490692125;218.960533844978;231.828201508108;225.171021814612;225.83639714756;224.09737920934;226.4141003502
"Coari";240.70214086102;249.697246082083;248.191165123687;247.789764676881;246.768735782117;249.258330378941;248.626924880069;243.922927886657;224.602832489614;234.578542258448;244.429939787609;238.454399296059;241.941758591585;242.004334105168;246.371395583803;240.02170476277;245.312008783803;240.055291248931;236.749883587218;0;240.295341148807;246.07973347482;247.78046839528;245.42664745096;240.070279580118;237.916753102785;243.112242264066;241.001822967244;239.886347881583;237.726823111418;244.28390722487;238.435143572029;244.847387319997;248.100179146426;244.510435592492;242.754060021308;241.235209869551;244.674197575243;240.632422607734;248.162513162911;247.01880019065;249.285700430715;247.517480815615;243.60110080284;243.821202604955;241.413000364919;241.779916647658;244.345872020691;241.63425803295;236.800394148423;241.673135559214;241.640119517193;240.418996276356;246.838988382514;249.132778216017;239.33352839215;239.779321075858;247.83300866872;248.506806107621;245.820363667319;240.889827427588;248.681332425933;240.409237898914;239.251797902637;238.393287642824;238.188815569659;246.083357143881;244.074935059882;243.070149680876;243.521186318697;239.520650427739;238.849914529697;248.659087842998;247.352905805181;246.534772479483;249.483255438333;242.356112920454;242.656330119646;244.041786739188;246.337956099336;241.697987856634;241.140892080712;245.580205209189;240.62096529352;238.86058686706;250.176334915747;246.626958593596;241.551437516239;242.233619899896;237.588718414959;247.011858689667;237.300402379129;245.428419426504;240.442769929847;240.888116046999;239.114868766779;241.695163215272
"Curaray";229.434922804086;239.828207137179;238.517875322827;238.614108118649;237.11762757561;240.017447058702;241.952464987761;236.844780482546;209.074285731353;223.637194047447;234.229411419897;226.958697975942;230.090613754666;231.198076039185;236.669871718212;228.035428462123;236.550994617276;229.530627803622;223.381345262514;240.295341148807;0;238.690561685241;239.832696035686;236.859701053805;231.593827134121;225.391677057826;231.767880762006;228.205371747638;229.795957308743;225.144591465688;233.644302447975;227.451911989821;233.51313045142;238.166818254419;237.46945860291;230.969840955386;229.331939891836;233.472968140739;230.67954198333;238.666114906272;237.598508309815;239.54693327777;237.556800545297;232.911283120035;232.166838241941;230.089290795441;229.69373334794;233.522966806998;230.201430482382;218.347259794208;230.476185120653;227.594983439686;226.565969191285;238.28749612541;242.302647478406;228.519914091744;226.654282736625;237.805858983997;238.629422802854;235.987045150085;230.389465650794;241.628510468481;228.068266144233;227.050967060216;228.487276138442;224.341152732699;235.542258951861;234.747290400671;230.835827856639;232.720766510608;228.867223827804;225.318783940888;238.977407617669;237.221725941458;237.920072316504;239.656270171091;230.784615596414;230.97816208838;232.253760789476;236.616488864963;231.411634436692;229.712017113629;235.036102582459;230.59075221447;226.948340042285;242.022492086973;238.390271068054;231.637050076155;230.358464419028;225.401380455375;237.928468967628;223.512222281159;235.367805082304;229.299957421362;230.274101125165;228.939115946799;230.530589232006
"Curua";237.91636657504;247.899903977787;246.404751429649;245.535404119893;245.085886372447;247.707313076431;244.537066866272;239.231029719787;216.015151587203;227.866899882496;241.959980746206;234.547755376758;239.689552606258;239.129249995335;243.869723595085;237.781966937887;241.520416176167;235.718422219164;234.007002373337;246.07973347482;238.690561685241;0;243.618293936268;241.375364971273;232.915850001202;234.65407737632;240.843546353465;237.835382847878;235.503401111277;235.1644796623;241.941746666743;233.759432660164;243.814703180878;246.963814635766;239.149423078257;240.818246350402;239.028793279661;242.544199558191;236.137044180227;246.719233988932;244.858498314557;247.999943284175;246.370940554309;241.424835750639;242.363741396836;239.452135266657;239.068382671891;242.445041126115;239.276081413877;237.443974948586;238.187813208381;240.087237587439;238.100803338745;243.409396703095;244.707355602011;234.090707145134;236.984783029877;246.266829225132;246.873087745289;242.779164899939;237.354605258275;245.2827737987;238.15140998478;234.003246411689;234.055782279915;235.371973908492;244.353088145758;240.286272491867;240.663951772624;240.57252238161;234.867270262047;236.365138781478;247.254524155292;246.524178064232;243.794323828586;248.891164355053;240.187366084028;240.350100675494;242.300068530506;243.862971337227;238.032274780488;237.033184825155;243.990552776522;236.091301051934;233.339731525219;248.230587138533;243.114430133829;237.447637389996;239.348850790136;231.957631636382;243.810765336013;233.660507737841;243.308900888505;237.478228469866;236.066826418694;234.491920687728;238.267122934965
"Curua_Una";239.647906302161;248.718502582916;247.36848827846;246.767777793384;245.943410022763;248.553186499841;246.858934608573;241.975666032996;221.687415407246;231.919624171424;243.436507548907;236.834232859548;241.2061915499;240.891277431333;245.364258110475;239.144141981885;243.798977272845;238.459902535914;236.001278605484;247.78046839528;239.832696035686;243.618293936268;0;243.73509226739;237.438132083614;236.930567023159;242.331680172817;239.990599175752;238.091579349489;236.811693916386;243.486123041287;236.648466000309;244.308869726033;247.379741641536;242.27979114922;242.035306110372;240.433221206228;243.967391961643;238.862549217428;247.364509329282;246.114725594244;248.762375128245;247.032191370515;242.801718268186;243.296499086978;240.673311591316;240.948478588321;243.643221305286;240.809667511046;237.427709257163;240.599227649969;241.417146180866;239.792023996;245.465734087006;247.302647304302;237.521858005263;238.844752600173;247.1741413098;247.7122689634;244.638536551517;239.447772223079;247.055299508767;239.682135084299;237.622613092255;236.452201137564;237.39598621396;245.353434718811;242.65397205922;242.300756102557;242.485811637332;237.69528040387;238.168266693203;247.996387950025;246.880317354729;245.343612011571;249.110236161113;241.638765255223;241.922845370871;243.443429732175;245.294841488507;240.192982895729;239.597302782388;244.853374269919;238.895474692257;237.147602004455;249.147949427317;245.150578978279;239.887597735871;241.308359886793;235.891140126186;245.560258882004;236.335695753158;244.433992113631;239.158866227545;238.969639845476;237.213311431747;240.61182769913
