"Abuna";"Amazon1";"Amazon2";"Amazon5";"Amazon8";"Amazon9";"Andira1";"Apaporis";"Apurimac1";"Arinos";"Aripuana";"Bacaja";"Beni";"Blanco_Baures";"Branco";"Candeias";"Canuma";"Caqueta1";"Chapare";"Coari";"Curaray";"Curua";"Curua_Una";"Demini";"Fresco";"Grande";"Guapore";"Huallaga";"Iriri";"Isiboro";"Itonamas";"Jamanxim";"Japura1";"Jari";"Jatapu";"Javary1";"Jiparana";"Jurua1";"Juruena1";"Jutai";"Luna";"Madera1";"Madera2";"Madera3";"Madera4";"Madera6";"Madre_Dios";"Mamore1";"Mamore2";"Mantaro";"Maranon1";"Maranon3";"Maranon5";"Marmelos";"Maues";"Napo1";"Napo2";"Negro1";"Negro2";"Negro3";"Negro5";"Nhamunda";"Orthon";"Pachitea";"Paru_Este";"Pastaza";"Purus1";"Purus2";"Purus3";"Putumayo";"Roosevelt";"Santiago";"Solimoes1";"Solimoes2";"Solimoes3";"Solimoes4";"Solimoes7";"Solimoes8";"Solimoes9";"Tapajos1";"Tapajos2";"Tapaua";"Tefe";"Teles_Pires";"Tigre";"Trombetas1";"Uatuma1";"Uaupes";"Ucayali1";"Ucayali2";"Unini";"Urubamba";"Xingu1";"Xingu3";"Xingu4";"Xingu6";"Yacuma"
"Abuna";0;-0.473149759186241;-1.3094654755542;-1.44005855431499;-1.79919991370596;-0.748688695970198;-0.777591348660584;-2.10242354072203;-3.29735428590298;-3.80804057249335;-2.60561425984866;-3.40526311438311;-3.1282788975876;-3.08552700714237;-2.01722495411051;-3.57817988398003;-1.98100885189936;-3.5492880593908;-3.7825668786022;-0.845295663822573;-3.64496282778918;-1.07025718933187;-1.0094340345847;-1.75967398219532;-2.52733557545031;-3.38449943755009;-3.04273420320599;-3.14242895078913;-3.4763715885804;-3.59784626947835;-2.47573748394394;-3.63569026438505;-2.51452579371966;-1.01233524142919;-1.83703949253207;-3.06111872330572;-3.45594191393496;-2.54028914883991;-3.06690344191272;-1.11044771278671;-1.71024269730743;-0.729603251598598;-1.36719698372229;-2.72449333534041;-2.86024631760601;-3.15143749867725;-3.33733154645799;-2.60973150424973;-3.1849983995;-1.23656734294619;-2.93501117958421;-3.09717334825628;-3.21165250702562;-1.37173243481557;-0.493602065495341;-3.49186933718948;-3.66237298435004;-1.48332667971924;-1.02307335491898;-2.14766670779066;-3.35775212794532;-0.613636088087397;-3.43087479370367;-3.36723880625761;-1.63736850342491;-3.75041895030703;-2.10738260732509;-2.28955413530164;-2.98487264787186;-2.97411497799162;-2.96736128767586;-3.40198498814752;-1.08783057574323;-1.37832470852736;-1.68784930681001;-0.649964620660124;-2.88131541585864;-3.17492235186346;-2.83716745830527;-2.01846813878577;-3.07677635794897;-2.489466182636;-2.20003567792104;-3.4246845042137;-3.55088040015418;-0.380030947339831;-1.64157347904931;-3.03706616741943;-3.26154866170543;-3.23901887980055;-1.41096135900479;-3.73290837059227;-2.37640017415177;-3.17995751020734;-2.78469819254428;-3.43461854919034;-2.87624162089619
"Amazon1";-0.473149759186241;0;1.50944427177096;1.52475332582313;1.16081323175491;1.76782688395664;1.9903232397208;0.766792502442396;-2.01536130642725;-1.67600048315159;0.595628522081126;-1.00668506251022;-0.349427555630578;-0.118804623621418;1.16718805561232;-0.966686957896478;0.823596362098166;-0.544719224425375;-1.52721130391035;1.73001683337141;-1.01342282197467;0.884399833519266;1.35367828221467;0.729031997498314;-0.211552968277887;-1.08573985818335;0.0718946334146261;-0.451397088486461;-0.557970509522394;-1.25002877064148;0.538975642224607;-0.964121151551282;0.320294561873594;1.01802274312662;0.840158730098735;-0.234905075179575;-0.515167072585634;0.420868749245457;-0.381620270038987;1.2885128993503;1.22375052810268;1.71460685945517;1.19228250156466;0.295510141987966;0.138864159876307;-0.515027086724936;-0.408972120662009;0.354089711754731;-0.32188116493213;-0.49290391089096;-0.15946786714519;-0.528905326994837;-0.873426278198894;1.29158510805064;1.82272361696481;-0.773007178585287;-1.06750899856059;1.42342328108417;1.41378362940233;0.982109536893229;-0.419307183692743;1.73517975939981;-0.796327469332955;-0.731135959405331;-0.421706411306734;-1.38078228330611;0.878960968351956;0.510683431677385;-0.00776160782872192;0.271942306039371;-0.738308907447637;-1.14060427027802;1.62390512525481;1.07818382474553;1.23467500809034;1.59266696759325;-0.344375334145887;-0.106402058422934;0.146224751795481;1.19995687437734;-0.178349403853041;-0.536221472099473;0.656639103986267;-0.330957757706163;-0.857395764722935;2.10043889982282;1.33139696887364;-0.267066992677203;-0.186871859546669;-1.03482089402737;1.22788761539964;-1.40990620950993;0.870546543961767;-0.455799559522843;-0.316902238000433;-0.790363410757952;-0.20110502782799
"Amazon2";-1.3094654755542;1.50944427177096;0;1.759097315336;1.24261666523171;2.27378505512469;2.03928574106973;0.237564610257814;-2.29531581606988;-2.42893172881878;0.157355731276772;-1.82959417195707;-1.1351656151462;-0.972127473587046;1.20917697084478;-2.03707791544689;0.592029421700882;-1.76522853016032;-2.5014770193457;1.86008575488228;-2.21228340739738;0.700729015400641;1.34190848356086;0.572357356525387;-0.734284559545219;-1.83734683708668;-0.718872142673754;-1.24123045174417;-1.644259250789;-2.17350733488962;0.0268498209388355;-2.04939316185487;0.014826406457254;1.20739540786423;0.464403278507104;-0.91685656446673;-1.60321452499645;0.100543546609982;-1.10690344668881;1.47026926693313;1.3611717066479;2.15266772587135;1.28955363358645;-0.313296153545118;-0.404350341722412;-1.29559978388427;-1.37556074380348;-0.0673514219031603;-1.23618979241614;-0.604352107572556;-0.87443038289831;-1.22578859633899;-1.53600920207347;1.13965592107083;1.85425486420574;-1.64963217934922;-2.18253714797633;1.85958884891302;1.70086761017561;0.912130028959117;-1.50281686180596;1.78930959477963;-1.73707633360462;-1.56826800541198;-0.65596379907285;-2.44653502928239;0.847548824775321;0.171714717021729;-0.676039074008827;-0.388139128586505;-1.30892011867359;-1.89621818417444;2.05330787487003;1.09109337737199;1.10912528322161;2.03457806472314;-0.883862097101675;-0.954001535599576;-0.34726335892975;1.17710890586651;-1.00626850921838;-0.815023665497711;0.524459418564369;-1.45249860401913;-1.79487087808821;2.58264661286467;1.27168207728025;-0.953505672764338;-1.07951294123872;-1.68681966100217;1.22765871602052;-2.33178652670851;0.594050754227456;-1.33514266388953;-0.915736472361698;-1.73123784279508;-0.873842354574225
"Amazon5";-1.44005855431499;1.52475332582313;1.759097315336;0;1.10611702053715;2.20410527533868;1.75055425377898;-0.097484543982918;-2.35888669864059;-2.61977320548864;-0.0462072625318923;-1.99188664723321;-1.21096386186306;-1.12606204224006;1.02712854339726;-2.12151976482096;0.340187050452776;-2.03856912582362;-2.53800000074428;1.73746028022677;-2.19675616289232;0.499306569754156;1.13163468023425;0.333559879105856;-0.994998067634183;-1.94028385023304;-0.859777921147147;-1.31595673091905;-1.87075271846244;-2.2657695920672;-0.108993193273613;-2.26525416098688;0.0169070364224586;1.16833487230102;0.124333849026157;-0.992941704014392;-1.70225798582195;0.0212197086429352;-1.37224135594247;1.40792333045093;1.2382015332046;2.11912906110943;1.25411186273731;-0.455820867629553;-0.47139278969375;-1.3928026868037;-1.45514806515997;-0.163004572637562;-1.35096366912044;-0.570094974053513;-1.03651276948754;-1.19110614092961;-1.52580054546895;0.90971778964694;1.61005499932563;-1.87359238471976;-2.24973393887879;1.75929407706949;1.65312035542505;0.679655574044583;-1.7493783036769;1.59256686337849;-1.80229616780871;-1.71990698420102;-0.729812068504755;-2.49855550140936;0.763792600994503;-0.0699182086945486;-0.734989014595002;-0.593629508855915;-1.45403794833101;-1.95160192951283;2.01983144047577;1.07323459684965;0.892276559803391;2.00835753703074;-0.946404585642346;-1.08712463133533;-0.385073079415415;0.978156960481171;-1.24321653325703;-0.904135888821716;0.438776343701706;-1.71452375204111;-1.98451328312904;2.4288223341549;0.977310016579014;-1.1951114200529;-1.19620627188332;-1.78797896423359;1.01797908734711;-2.41042291957806;0.402404983141992;-1.51068661964677;-1.08261614473518;-1.95972994658273;-0.994395623586361
"Amazon8";-1.79919991370596;1.16081323175491;1.24261666523171;1.10611702053715;0;1.66952972275373;1.4896165692627;-0.308141930103774;-2.43780281763298;-2.72797931204386;-0.608755364348142;-2.24068784781195;-1.68967959714969;-1.50851465783047;0.424847504387319;-2.52227278280638;-0.0110282426411714;-2.34465685084735;-2.8521502431716;1.34555476548247;-2.66979653220679;0.413072755625875;0.875969378664008;0.0153513268048759;-1.06633151225413;-2.19419725176122;-1.40891621322486;-1.69576820768697;-2.15406437640574;-2.57494357573327;-0.575815491232551;-2.47892129415922;-0.713264653061556;0.698598647207017;-0.0549885220908104;-1.60163643934782;-2.21015915408017;-0.596993544982434;-1.64835941398925;0.923032844030212;0.68903502566341;1.61635344472729;0.711105229993453;-0.983421327202073;-1.16349716756856;-1.84190663216844;-1.9460843408614;-0.757034648247578;-1.77040438152181;-0.703191673173564;-1.37710522422078;-1.66951159459829;-1.92951472619098;0.607900530623929;1.44020408468799;-2.07383981720476;-2.64372960530527;1.1036230481813;1.12623211685128;0.143409785322941;-2.17868801881776;1.29476754253778;-2.23506709425984;-1.95242553361356;-0.856828601861057;-2.79935824291162;0.0944132272665321;-0.419479958248366;-1.21777170950369;-1.12844317683625;-1.67509040492261;-2.23771764679335;1.45041072294535;0.535852828615762;0.492506298273695;1.53357615232147;-1.45763531182124;-1.65451514036333;-1.05395211491525;0.410411574981851;-1.59680141046365;-1.17970435814819;-0.219177052178062;-2.01389204975081;-2.21418496197824;2.02507236308144;0.587269762728224;-1.51734112810086;-1.70132866006145;-1.96556217799749;0.658951407721278;-2.67943559809027;-0.197172844446322;-1.82833438093439;-1.31597782819717;-2.22090621549884;-1.32825656415736
"Amazon9";-0.748688695970198;1.76782688395664;2.27378505512469;2.20410527533868;1.66952972275373;0;2.31713046806308;0.713674080211319;-2.00195115815139;-1.93565110157947;0.802547070124163;-1.31368998318623;-0.536084863697242;-0.326849772521684;1.73919013686084;-1.41049775271064;1.03964839674068;-1.00234608514878;-2.01093965062103;2.21215477377158;-1.51153306975024;0.960424705713962;1.66403837252172;0.911720597298059;-0.321555822063628;-1.34891789355877;-0.0165867914281031;-0.672447628265387;-0.951366553890652;-1.66200689038752;0.555766482810962;-1.40473720549173;0.594937209252669;1.48665106352513;0.891032913271403;-0.265104028576657;-0.87282131187026;0.677356248414462;-0.568187649131881;1.80622301074963;1.80530304424705;2.40214359353842;1.6477230807514;0.284536475951451;0.232010680559319;-0.746161162922506;-0.654326996085442;0.483287783206238;-0.599738690632391;-0.502257743374783;-0.350662889298286;-0.720924397349124;-1.07763485425063;1.45812689245225;2.11848680916052;-0.975472610612817;-1.4891446686749;2.23004726875553;2.00936928971481;1.40888743699028;-0.80885178026632;2.06710783770716;-1.1821574986731;-0.995159220711888;-0.465961216379639;-1.90026675727458;1.39799515784192;0.639050803799528;-0.0206758264861558;0.363302140512285;-0.872766956086185;-1.4518411188528;2.41330326381095;1.46232584521039;1.55514337391888;2.26378084920333;-0.421088593720875;-0.260375554406421;0.309346227372916;1.71555484996275;-0.337192948721805;-0.47489585523085;1.0526017828704;-0.668959588904839;-1.1612106847067;2.81907293547968;1.70835071164917;-0.415614303145617;-0.351888303735474;-1.2638127887747;1.58719323552364;-1.7990985472305;1.21938197829593;-0.768141255130614;-0.417171703479188;-1.14364312837205;-0.369630631635174
"Andira1";-0.777591348660584;1.9903232397208;2.03928574106973;1.75055425377898;1.4896165692627;2.31713046806308;0;-0.502576712947944;-2.2359436957198;-2.50529561585592;0.529596107773062;-1.48515336513676;-0.0932633960219489;-0.448860395533038;1.28216896649212;-0.954339455896262;0.44670893431261;-1.46823320270216;-1.63433543948149;1.67808196563009;-0.497046461737854;0.248316180435475;1.01073718099872;0.402279706814841;-1.16719603556675;-1.37704966836331;0.207155559100743;-0.449767200769909;-1.47930994735915;-1.4893769723732;0.492229343034489;-1.77631026684739;1.08897500826263;1.72576688261051;-0.308646552998379;0.238515497310072;-0.527784213640194;0.941837576801477;-1.09662623281111;1.82631824596683;1.45306540261403;2.38032777780088;1.76860903326273;0.3382947918034;0.761963329854713;-0.376169781143566;-0.200046411636051;0.749100509946953;-0.427484518738145;-0.189462740360752;-0.435924172060522;0.260219983411163;-0.305396607055245;0.882062597506219;1.25009626415711;-1.43229421919056;-0.857292889369272;2.04022332400435;2.08421019021773;1.02922930136246;-1.05222730447529;1.27866608547356;-0.622399811227756;-1.15294844753232;-0.718564303138509;-1.28518795673667;1.40564431142383;0.111319823864395;0.325024186051367;0.194600093741899;-1.08534252728058;-0.896606852922557;2.2219636073627;1.66956131664632;0.946136685528591;2.4342841959229;0.128843432311356;0.0896280250875652;0.824691369337081;1.25672601213893;-0.702104995321087;-0.421258711793682;1.22635302773298;-1.29934351644024;-1.41881652078053;2.28660617795445;0.820288931576235;-0.746963510569778;-0.111591190284203;-1.38023571660085;1.13876786888309;-1.39921094928944;0.896891889310948;-0.923751783854387;-0.868612536406153;-1.64436799920381;-0.430637439684981
"Apaporis";-2.10242354072203;0.766792502442396;0.237564610257814;-0.097484543982918;-0.308141930103774;0.713674080211319;-0.502576712947944;0;-2.90519517785015;-3.44242135793986;-1.26213729601141;-2.62426842170709;-1.65047732260791;-1.89550404490667;-0.624124087938326;-2.38599003595508;-1.23017822943268;-2.77048561643394;-2.7005409043535;0.094876466987965;-1.98703294003293;-0.846258556598323;-0.41507989690429;-1.02301456502237;-2.28802582731502;-2.46053824077006;-1.45099862052699;-1.75433222449248;-2.78190270309382;-2.626128085248;-1.07670575315398;-2.90173008226156;-0.638768647928374;0.335434558034892;-1.72081306834525;-1.48117949477942;-2.07304447956455;-0.836199511006396;-2.40787544707918;0.212008723071394;-0.373505503565357;0.834099732038989;0.158637345657511;-1.38378966659994;-1.04263929277294;-1.93018798360516;-1.83723481141731;-0.989736360304707;-1.92660867170849;-0.48185696645639;-1.80168795479264;-1.13031504334741;-1.52095788779565;-0.549571995731502;-0.219976046333423;-2.71493583655502;-2.27046042415116;0.229533395204358;0.499874310512998;-0.771164938183879;-2.43940512700773;-0.141686514909126;-2.04436848892519;-2.3877888025422;-1.38427974932171;-2.4840874700301;-0.4317039272144;-1.45736067065243;-1.27316847907125;-1.56465451018316;-2.24563488006996;-2.05723321123901;0.496989541091279;0.0919105778591641;-0.775029374919148;0.962251530550415;-1.42572485260851;-1.58473290765385;-0.956151263370065;-0.598318067918392;-2.19230471421307;-1.50012726916187;-0.588705482288915;-2.67656742022728;-2.65030427121041;0.560426487753424;-0.97982620555735;-2.14661562148005;-1.69171953708197;-2.4030508864286;-0.408437806148223;-2.57695878985035;-0.932794375642973;-2.22502518185753;-2.04430559414868;-2.85221594207313;-1.76921199047801
"Apurimac1";-3.29735428590298;-2.01536130642725;-2.29531581606988;-2.35888669864059;-2.43780281763298;-2.00195115815139;-2.2359436957198;-2.90519517785015;0;-3.99070614119089;-2.90273525758406;-3.56881984990016;-3.19163157861937;-3.15341074125867;-2.66020430445416;-3.40147947192031;-2.81471082263374;-3.52979842717705;-3.71147514646884;-2.1868193390396;-3.41963752004545;-2.70798254957697;-2.39329999762007;-2.70648321609341;-3.460743624814;-3.61967028532617;-3.05581886547688;-3.4123969034283;-3.49487634094644;-3.59526243429072;-2.83131697389931;-3.67853304303622;-2.72922809897704;-2.11230616559057;-2.86469219386819;-3.11159782478187;-3.30413152346556;-2.90180417887353;-3.36991244782021;-2.22777734641375;-2.4792411068341;-2.02537190365818;-2.26182938727939;-2.94112920704675;-2.94919322983778;-3.22062670972019;-3.34975220724632;-2.84258871957309;-3.19906185778892;-2.25952067502606;-3.21438240062004;-3.26217300844309;-3.45307981185356;-2.4555948912633;-2.17825157825219;-3.68610289119646;-3.55998127921537;-2.3236865377004;-2.18522131833443;-2.74423318456585;-3.35662469807878;-2.02552065892576;-3.35302806711461;-3.75670575898728;-2.71907508341166;-3.67900714708522;-2.64906809025195;-2.94166977418305;-3.15348545241239;-3.11143278294803;-3.46568297249565;-3.528319175543;-2.17184442782438;-2.24734504676989;-2.49583779288425;-1.89804939071202;-3.07222581662577;-3.11879034577119;-2.94971380598104;-2.6182423517947;-3.2777702067056;-3.26682874449759;-2.68145676418716;-3.48337794658698;-3.74311247553925;-1.90750584639563;-2.59743303344897;-3.27759605916383;-3.28119181745129;-3.83859827796834;-2.51999596782889;-3.83525593104885;-2.72274784270182;-3.29808390713249;-3.40406392149594;-3.57075066221689;-3.22466780886668
"Arinos";-3.80804057249335;-1.67600048315159;-2.42893172881878;-2.61977320548864;-2.72797931204386;-1.93565110157947;-2.50529561585592;-3.44242135793986;-3.99070614119089;0;-3.4285657794941;-4.02407716309103;-3.67225206037385;-3.67839944858294;-3.06601887400315;-4.00231865164926;-3.17161546527349;-4.16749479257104;-4.15499240928538;-2.18168826694567;-3.94873161139143;-2.60567063313018;-2.49636923136388;-3.02520045669687;-3.6719490654574;-3.9519422768398;-3.5880591397988;-3.77726278081924;-4.12541262359481;-4.03712501278004;-3.20993661416333;-4.22530970646052;-3.11107796724127;-2.01052355401051;-3.27302487155769;-3.60669682065042;-3.87579229697401;-3.24245378264276;-3.92340468242102;-2.25256123301661;-2.80147910044152;-1.83416734721925;-2.22835392541366;-3.40720738201255;-3.39926082471336;-3.71137693140615;-3.82737045783347;-3.22894651331978;-3.73242615342955;-1.45471531246632;-3.59379359847368;-3.4667307618463;-3.65115658520048;-2.60020293132218;-2.23612986685825;-4.14434443954545;-4.0389264288066;-2.4891395464873;-2.12562530622781;-3.1477618714319;-3.97183240790664;-2.10273603482843;-3.78867413834555;-4.06351660836922;-2.49146887279096;-4.13112025801125;-2.98522537865071;-3.37419443862555;-3.51077216004809;-3.65687604932336;-3.82667043780939;-3.81271248797865;-2.20615105445632;-2.24823871485214;-2.86605367265322;-1.64114900131293;-3.45158522699545;-3.65093488818222;-3.36367220199396;-3.02384646870821;-3.85644817541889;-3.37416954348874;-3.00496825819292;-4.11860238500596;-4.16939862274695;-1.90611488110022;-3.01381784800668;-3.76367730639757;-3.80344660711309;-3.94534762131555;-2.69825208431008;-4.16473110599388;-3.24431382492229;-3.78223599725599;-3.71257186105603;-4.14539066810005;-3.57486678828321
"Aripuana";-2.60561425984866;0.595628522081126;0.157355731276772;-0.0462072625318923;-0.608755364348142;0.802547070124163;0.529596107773062;-1.26213729601141;-2.90273525758406;-3.4285657794941;0;-2.93819072997753;-2.62035555278024;-2.49204828287376;-0.92920925016096;-3.33015709404365;-1.02768286935985;-3.32354612409933;-3.4442961981318;0.459064667259665;-3.44394723389754;-0.273377112291641;0.0653955084888284;-0.843661783047351;-1.86419765368394;-2.91930178331987;-2.52496205381373;-2.58679718500416;-3.06838968894158;-3.22930455300943;-1.62728173669242;-3.32738934827829;-1.69322545849639;0.0592039933028334;-0.986425302362999;-2.57781130255322;-3.12754706594922;-1.7434630011012;-2.59146138857467;0.10150195369606;-0.457884400629798;0.747584473494696;-0.151905050151974;-2.04585386656645;-2.25226909439052;-2.64402006502737;-2.97334027260931;-1.80371908585687;-2.70580878977385;-0.909540484093395;-2.28276390015735;-2.51739864170964;-2.63045110369611;-0.293758128238409;0.641767089542518;-2.99195543241737;-3.46533927981681;-0.0821347895616893;0.288953847750865;-1.15747946146896;-3.09197097588087;0.543335328097684;-3.02941156926449;-2.89597608469228;-1.20406465603731;-3.54190123818783;-1.09355837304996;-1.44910235500108;-2.30736995530889;-2.3783922283191;-2.44480248927652;-2.93473891596162;0.430175466788109;-0.24554623814942;-0.549744364042455;0.808113335437535;-2.28884113367659;-2.74807015107064;-2.18315706170093;-0.908570640505317;-2.58440545681568;-1.84416277184552;-1.26483185322218;-3.12783562283546;-3.11061549307055;1.17199186618738;-0.522611041958968;-2.46182843539254;-2.77942164058678;-2.76615551262803;-0.291085604426265;-3.40584912300882;-1.45697620565499;-2.64705038586999;-2.15547948586501;-3.06102473677162;-2.205360134694
"Bacaja";-3.40526311438311;-1.00668506251022;-1.82959417195707;-1.99188664723321;-2.24068784781195;-1.31368998318623;-1.48515336513676;-2.62426842170709;-3.56881984990016;-4.02407716309103;-2.93819072997753;0;-3.3587142745929;-3.3455577111784;-2.51302835634549;-3.76201715493349;-2.50088854787118;-3.82306392640955;-3.93850989396621;-1.4294606094417;-3.78529344357284;-1.64707928324413;-1.64935136998191;-2.32252892234636;-2.97219512746929;-3.59831633320639;-3.28782743540361;-3.42559972848513;-3.71544858237401;-3.7750463936496;-2.79985085457226;-3.88536657460949;-2.78378025647172;-1.5135712647459;-2.40695521322029;-3.30754827549013;-3.66101965424214;-2.88588097674395;-3.40214756856455;-1.64014784603567;-2.16345151188008;-1.26106408591056;-1.81572226675069;-3.02722297942209;-3.11984810661104;-3.36705061517088;-3.54967170272214;-2.87355905163652;-3.40539591146935;-1.38988136092183;-3.1882023093252;-3.29988895305061;-3.42500452358344;-1.86379087105793;-1.18329956252994;-3.69786240732264;-3.84371338798997;-1.98735787800056;-1.58339654571655;-2.637879170226;-3.68501006793176;-1.26820174990333;-3.59438011818464;-3.66806763085896;-1.9613621716708;-3.93910248681265;-2.52140829887614;-2.75054060849351;-3.20269121622159;-3.24077008649889;-3.31196484273841;-3.58286628919516;-1.63976107741951;-1.83411037042551;-2.19912870234513;-1.11932533958834;-3.13759689119795;-3.37307163135392;-3.06833083349481;-2.50058690108514;-3.42490439236906;-2.88170513702882;-2.58744133565672;-3.72098365293058;-3.771965520705;-1.07793154882061;-2.22069864226986;-3.33069555228686;-3.45769746252954;-3.48266121704829;-2.01804360978499;-3.92466216838796;-2.77360284340956;-3.48921245401672;-3.21984256106447;-3.72117079746726;-3.14860526952224
"Beni";-3.1282788975876;-0.349427555630578;-1.1351656151462;-1.21096386186306;-1.68967959714969;-0.536084863697242;-0.0932633960219489;-1.65047732260791;-3.19163157861937;-3.67225206037385;-2.62035555278024;-3.3587142745929;0;-3.10650648580835;-1.98116306365595;-3.77920267063863;-1.76158475064473;-3.66957844165918;-3.8723097189361;-0.488351257669664;-3.96205921651251;-0.743723719503254;-0.622508671859531;-1.5382044169681;-2.26537341743442;-3.41192397436204;-3.29284019554064;-3.28633301242396;-3.38090326240619;-3.61383591383826;-2.56665385852362;-3.63088820699095;-2.66666700789363;-0.871716941234809;-1.36121129669819;-3.29360296322686;-3.62245952947372;-2.76575023531902;-2.97081892396604;-0.892001132487905;-1.5443809461842;-0.600766720689002;-1.34807460842077;-2.82687529589725;-3.13761870539231;-3.29052291164217;-3.63082136778559;-2.73239062108251;-3.32500424261107;-1.27001888471454;-2.9481515871298;-3.36762370559893;-3.42893797763149;-1.03954077436996;0.0234855185815913;-3.4152875192845;-3.92656659289795;-1.47335237144879;-0.96725223687627;-2.18398653151368;-3.5402600242708;-0.165566270183071;-3.58489962249563;-3.46514419992831;-1.43235339344546;-3.99618109684778;-2.20979376589437;-2.16008772102632;-3.14423504398425;-3.14557386063011;-2.89271918169951;-3.58095311609874;-0.951217942718734;-1.32066429186529;-1.35060932786613;-0.545837458576752;-3.07156552922287;-3.49519710850698;-3.09479976674716;-1.98202018984157;-3.12115941396538;-2.42625662941817;-2.32684122998974;-3.44166867147184;-3.60334831420874;0.159785308837069;-1.26742066054634;-2.975636367402;-3.46285669008798;-3.27127418170892;-1.14059865768954;-3.89814544903012;-2.38186300786179;-3.12056028600458;-2.66970226765996;-3.36616924182347;-2.90713187773272
"Blanco_Baures";-3.08552700714237;-0.118804623621418;-0.972127473587046;-1.12606204224006;-1.50851465783047;-0.326849772521684;-0.448860395533038;-1.89550404490667;-3.15341074125867;-3.67839944858294;-2.49204828287376;-3.3455577111784;-3.10650648580835;0;-1.85658133198627;-3.5736420343502;-1.75636269087425;-3.64403085351044;-3.73427961090668;-0.491508004833987;-3.72700899237097;-0.867879020347659;-0.732149198427959;-1.55649282081623;-2.36200014880034;-3.30290522816464;-3.07286688042632;-3.11550971555775;-3.40276862912979;-3.54292681341752;-2.38106128657396;-3.5841251203463;-2.39125867776387;-0.662986570487802;-1.61261855496098;-3.06516867474404;-3.47054389368812;-2.47759345828996;-3.00208279880146;-0.771367327271263;-1.43135673938785;-0.336010030161787;-1.04363800510668;-2.61788422862078;-2.80758046428547;-3.08957725701623;-3.36985793128523;-2.51505614429757;-3.20147799105752;-1.12684690991394;-2.81213146584716;-3.03571443902147;-3.12605529765784;-1.08013730776687;-0.182586036528065;-3.40450111325221;-3.72427116393362;-1.22882013408798;-0.729058029113273;-2.03426188343872;-3.44235142390051;-0.349156935938767;-3.41984468850022;-3.33037247652385;-1.49316587842954;-3.83258247283799;-1.96312023621953;-2.13607166392443;-2.92975196573053;-2.96790774334758;-2.86376546556508;-3.33257588215681;-0.741458216980243;-1.09591957641583;-1.42817124999759;-0.240761345952306;-2.78289714918319;-3.24309076573472;-2.79667826069149;-1.86663867001155;-3.03834429653764;-2.34382906136524;-2.08685970379185;-3.44116460011838;-3.52551795480519;0.0940455253920143;-1.39004703280612;-2.90969911515928;-3.28503377263123;-3.19844797746438;-1.14458267858967;-3.70235152910719;-2.26234378844883;-3.10382433273541;-2.65646133386848;-3.40027068542533;-2.79007112073424
"Branco";-2.01722495411051;1.16718805561232;1.20917697084478;1.02712854339726;0.424847504387319;1.73919013686084;1.28216896649212;-0.624124087938326;-2.66020430445416;-3.06601887400315;-0.92920925016096;-2.51302835634549;-1.98116306365595;-1.85658133198627;0;-2.86976139463656;-0.26416288151839;-2.82563062064237;-3.08280525705082;1.238782964274;-2.99250121178002;0.136878356995181;0.700479366253354;-0.219489045927209;-1.43025642466335;-2.47283642377396;-1.78275287892174;-2.01911511575596;-2.55522334234898;-2.79383869664612;-0.846598704790237;-2.89230974536758;-0.811303945666882;0.747075102520087;-0.368435544706846;-1.82602874968403;-2.54195294236803;-0.863124114410092;-1.99256771349238;0.930768958911353;0.544222519903486;1.66761378777173;0.725230573805743;-1.24166912830991;-1.39891982685151;-2.0500132588868;-2.37403536003073;-0.970512908543604;-2.09874971140464;-0.732782492024414;-1.67684786185417;-1.93729132848796;-2.20063630550023;0.410656151836515;1.24659905794915;-2.49126610304446;-3.00278000945208;1.08197360573724;1.14552331792479;-0.195091892797375;-2.60524053119235;1.19237041649767;-2.49564508429872;-2.42637727112436;-0.965111566058314;-3.09964756398594;-0.0536117641891255;-0.729772530126323;-1.56307018036946;-1.58537364038049;-1.97297881366198;-2.49569184090036;1.4742849926062;0.581162264660686;0.301990799339606;1.63686210247069;-1.62599957566389;-2.09185556136417;-1.31914676465524;0.147885094816869;-2.00098862287503;-1.40301629473552;-0.347395786326779;-2.53837551965373;-2.68557128112281;2.07902947252754;0.348695014711861;-1.87517088181023;-2.13003604356638;-2.35554909591346;0.45075909023292;-3.00086128012265;-0.461025499081809;-2.09045449670398;-1.6248105206991;-2.55902848380687;-1.61634373005002
"Candeias";-3.57817988398003;-0.966686957896478;-2.03707791544689;-2.12151976482096;-2.52227278280638;-1.41049775271064;-0.954339455896262;-2.38599003595508;-3.40147947192031;-4.00231865164926;-3.33015709404365;-3.76201715493349;-3.77920267063863;-3.5736420343502;-2.86976139463656;0;-2.44140348417882;-4.07517814284118;-4.15741552669249;-1.24029752884481;-4.30491423812589;-1.14631837315079;-1.27210209574647;-2.22388032094779;-2.69532807733645;-3.74333810352742;-3.74990619654599;-3.61292982314843;-3.88662534302971;-3.96663460319825;-3.05460302356027;-4.03196281060499;-3.36009949527493;-1.59452198353228;-2.07536965618286;-3.78912591129683;-4.08735378036353;-3.3571594425804;-3.49138575310301;-1.72691276629792;-2.39048659383021;-1.35807948650796;-2.04074777987675;-3.40366099654196;-3.6996321695121;-3.72804879789223;-4.04275865507171;-3.32917770465676;-3.77117866764849;-1.37906414151191;-3.33872032348881;-3.68650626688513;-3.66165201985748;-1.69146478699187;-0.6351166338602;-3.85934416871531;-4.26224637065643;-2.38306370604279;-1.7063300654306;-2.90975558069054;-3.99249823551203;-0.849673533390898;-3.95696784546221;-3.75261329528634;-1.78312592837673;-4.21750370795745;-2.98053027333831;-2.78019270552955;-3.61080170226593;-3.70424889170092;-3.33368743254247;-3.83966803682839;-1.84886337683852;-2.07971977037382;-2.18705198400426;-1.28302320738089;-3.52342032920125;-3.90167952094851;-3.6610069543337;-2.80979574289737;-3.71272925221888;-2.84747699550043;-3.02242171004111;-3.93791639896325;-3.94769535459912;-0.797162609327092;-2.12010530893968;-3.48246075919942;-3.90511913060822;-3.54871297538307;-1.90484066291106;-4.1186807968832;-3.15546076328637;-3.56696178438859;-3.10087247492548;-3.86079037582711;-3.26711280027621
"Canuma";-1.98100885189936;0.823596362098166;0.592029421700882;0.340187050452776;-0.0110282426411714;1.03964839674068;0.44670893431261;-1.23017822943268;-2.81471082263374;-3.17161546527349;-1.02768286935985;-2.50088854787118;-1.76158475064473;-1.75636269087425;-0.26416288151839;-2.44140348417882;0;-2.63477227876256;-2.82574781454683;0.625347266084043;-2.36011351593299;-0.378887966196476;0.117214275614514;-0.665481265223804;-1.85527862780897;-2.38742815458883;-1.48314118113237;-1.81913375550183;-2.51369911189765;-2.60554236629583;-0.918379573916393;-2.77835833420918;-0.701561154276994;0.462597828847199;-0.984396060143444;-1.61326912826115;-2.18022396504104;-0.854609703557171;-2.12431394577625;0.444773142091101;0.0234636242523664;1.07298003943764;0.32046928016227;-1.27043001826768;-1.15805878724532;-1.93484442587132;-2.01156511578027;-0.965761074145071;-1.90441032160875;-0.603441233603262;-1.71365089922997;-1.54303090339466;-1.79543464206132;-0.10381723811203;0.482446317613108;-2.58599738246277;-2.51166405772044;0.49096024266433;0.637853735482823;-0.531411604436683;-2.37357014928592;0.559513795685848;-2.19703899250851;-2.37244219809755;-1.08255545478363;-2.68980421723128;-0.303540036809869;-1.10930879447576;-1.36672589389994;-1.50021729053127;-2.08184868459379;-2.19755548314478;0.834269890539765;0.260622759733074;-0.225270709705905;1.18281436776636;-1.58503242990719;-1.69484864872498;-1.10471087564444;-0.249211999665898;-1.93658401973057;-1.52115472297335;-0.499611626441969;-2.48297003265622;-2.6168283256254;1.18100572667974;-0.352612079973594;-2.0077499341186;-1.80014121288666;-2.43792515882607;-0.039255887359536;-2.72779664432812;-0.654432726843452;-2.05111006129157;-1.81199841648715;-2.58625174000471;-1.63850801405648
"Caqueta1";-3.5492880593908;-0.544719224425375;-1.76522853016032;-2.03856912582362;-2.34465685084735;-1.00234608514878;-1.46823320270216;-2.77048561643394;-3.52979842717705;-4.16749479257104;-3.32354612409933;-3.82306392640955;-3.66957844165918;-3.64403085351044;-2.82563062064237;-4.07517814284118;-2.63477227876256;0;-4.13901533962562;-1.28059008767219;-4.15813821073703;-1.58315818055532;-1.55042358185042;-2.37607460471925;-3.04966554684806;-3.74315048340951;-3.72236756521307;-3.58223003946601;-4.00773428330154;-3.92824869381302;-3.02452487741436;-4.14485033863672;-2.99801979237356;-1.13426344246371;-2.52463784248446;-3.66066172487553;-4.02716398451968;-3.1838748435211;-3.64964566320278;-1.41394690007508;-2.28884389792375;-0.894219525246025;-1.6397621881619;-3.38105686572572;-3.44033098290711;-3.59369854634353;-3.96309191817773;-3.14584145187845;-3.71455516787384;-1.19541142799089;-3.45885981419548;-3.49842634082845;-3.5890134163842;-1.86934777804424;-1.05204888038764;-3.9933959072342;-4.21685174185669;-2.06360997813989;-1.37462267382221;-2.93064640053285;-4.06800846213109;-1.09704616848432;-3.93684311808521;-3.89526367976234;-1.82616541891132;-4.18268587507416;-2.7407117144623;-2.92559569475553;-3.47653384046114;-3.74030847180986;-3.39310683496153;-3.75209835611794;-1.44581647999609;-1.64278759057921;-2.26134253641368;-0.640063071624386;-3.36602100042158;-3.85811924567879;-3.45734734560394;-2.76467431024401;-3.71241412975862;-2.81356006959114;-2.78540998703811;-4.09006860038263;-4.07511178553981;-0.67894593234339;-2.41255436581843;-3.62219631100424;-3.89866897115643;-3.66442884461587;-1.95357375856552;-4.14490185373911;-3.06548972503554;-3.60912635777426;-3.22868443973749;-3.93422742903772;-3.31792447410873
"Chapare";-3.7825668786022;-1.52721130391035;-2.5014770193457;-2.53800000074428;-2.8521502431716;-2.01093965062103;-1.63433543948149;-2.7005409043535;-3.71147514646884;-4.15499240928538;-3.4442961981318;-3.93850989396621;-3.8723097189361;-3.73427961090668;-3.08280525705082;-4.15741552669249;-2.82574781454683;-4.13901533962562;0;-1.89513570740163;-4.2924101483374;-1.73281804962851;-1.8591240151742;-2.56986674517872;-3.11973667326152;-3.97545191912385;-3.85037492126468;-3.84147330822835;-3.97432943080184;-4.12241376851709;-3.42865242322497;-4.12108894730858;-3.45460723187166;-2.02300558702154;-2.47439226934533;-3.84318970268855;-4.06192300722912;-3.53955608505557;-3.6673888870041;-2.21243560950452;-2.74275737818475;-2.02208363266505;-2.52482073848011;-3.58161414886456;-3.72623432372333;-3.82340742194347;-4.11158886057384;-3.51953046084197;-3.89509030305682;-1.70408798183841;-3.62606599938565;-3.94164807125689;-3.90984761766633;-2.28121186323918;-1.32183472742043;-4.01068177574668;-4.27496613097514;-2.71926087242893;-2.24200226211245;-3.15644460917564;-4.00634135738559;-1.49803315337302;-4.06703084978049;-4.03405597957998;-2.03123352194273;-4.30120195529661;-3.19415387233414;-3.12213117463184;-3.78211634258129;-3.79661910881961;-3.55776871881912;-4.02117069256775;-2.37597107847111;-2.4378352830305;-2.58143320202999;-1.86579419618996;-3.67671767354637;-3.95015293171512;-3.70598032559882;-3.05553367090133;-3.76734385145931;-3.20405736357178;-3.24355766102261;-3.98795089055071;-4.12917339126818;-1.49602492184831;-2.58830666154481;-3.62225642423081;-3.96806400463094;-3.8673264832569;-2.38238214891475;-4.28779017766764;-3.29263493584689;-3.78866944110108;-3.40552105689087;-3.92416336909068;-3.59151084162065
"Coari";-0.845295663822573;1.73001683337141;1.86008575488228;1.73746028022677;1.34555476548247;2.21215477377158;1.67808196563009;0.094876466987965;-2.1868193390396;-2.18168826694567;0.459064667259665;-1.4294606094417;-0.488351257669664;-0.491508004833987;1.238782964274;-1.24029752884481;0.625347266084043;-1.28059008767219;-1.89513570740163;0;-1.15812322785232;0.575087444718984;1.265064248361;0.573841651929301;-0.775461162747512;-1.46144670633436;-0.0891749333933366;-0.728374788763699;-1.24095335843291;-1.64515010555641;0.348964974554317;-1.62487688488656;0.628063261728745;1.43811552519209;0.29119635174304;-0.202221592455743;-0.820862942532252;0.549825793891265;-0.877398090723651;1.62600343613362;1.40163482406651;2.13455734374561;1.48979246524427;0.137774095399037;0.25679950548047;-0.673965075192552;-0.621708571918273;0.41927193179169;-0.632417212149489;-0.417148797890696;-0.528295742145278;-0.492558993723966;-0.884812803304626;1.07586073423576;1.62688847134371;-1.29101072548916;-1.30412998424122;1.83008065362443;1.7995259328516;0.97220047317796;-0.986892665218077;1.60158769147145;-1.02770434997408;-1.22735857605555;-0.608631784954894;-1.69558612542042;1.12122069832714;0.249875960575595;-0.0616634459455508;0.0726698787061932;-1.01444763466015;-1.32716723124299;2.02155612087329;1.361445905299;1.10523109261152;2.1019143456542;-0.306549341852352;-0.273265826283229;0.327890946421602;1.23785815737429;-0.606028568786382;-0.573979816372423;0.890745599523958;-1.05421317698911;-1.42378992503584;2.36270233771324;1.13092879490057;-0.634037469436515;-0.416328198441705;-1.45167702688716;1.19599089489775;-1.78970592294194;0.85644699965632;-0.906997062258481;-0.688533940883671;-1.38088051455213;-0.522777698012911
"Curaray";-3.64496282778918;-1.01342282197467;-2.21228340739738;-2.19675616289232;-2.66979653220679;-1.51153306975024;-0.497046461737854;-1.98703294003293;-3.41963752004545;-3.94873161139143;-3.44394723389754;-3.78529344357284;-3.96205921651251;-3.72700899237097;-2.99250121178002;-4.30491423812589;-2.36011351593299;-4.15813821073703;-4.2924101483374;-1.15812322785232;0;-0.959121940153407;-1.06856355715546;-2.08690007087102;-2.49246940120576;-3.8070213914954;-4.01865438840596;-3.85202885378733;-3.90758404939123;-4.04851432790672;-3.25459323495479;-4.07155684412071;-3.55381307616855;-1.66107913413702;-1.69346839971028;-4.01560754671205;-4.27543133414562;-3.62063883517582;-3.45361346166088;-1.74901057826989;-2.48052332548867;-1.59680693628161;-2.19879788711906;-3.5595200711542;-3.91383261145843;-3.81097706849023;-4.27969696639827;-3.52545614878467;-3.90315067505907;-1.5873240183616;-3.54860160924872;-4.03548295576257;-3.95731234861411;-1.61577238146762;-0.288507118948105;-3.87924786794379;-4.4366286859606;-2.6432024476123;-1.90328523209469;-3.0875604679272;-4.09832179610244;-0.560605000556305;-4.14712602445209;-3.92923107243102;-1.64451552120355;-4.43498636480914;-3.22217060333591;-2.76680179445838;-3.84561616556166;-3.87533528515396;-3.30515256940591;-4.02581001554779;-1.98831337125868;-2.18887604413769;-2.05326812605448;-1.48600234055174;-3.71041158222446;-4.16105380668414;-3.95993886546341;-2.93260213263766;-3.69394486095516;-2.89994988988341;-3.20915043435804;-3.98077950215535;-4.06592446559983;-0.580497595823628;-1.97352539445424;-3.49193900099725;-4.13226263021499;-3.60536031518319;-1.84966938352815;-4.26874742121931;-3.22099665455373;-3.63361948040422;-3.10808764337073;-3.77534975443743;-3.43105800261361
"Curua";-1.07025718933187;0.884399833519266;0.700729015400641;0.499306569754156;0.413072755625875;0.960424705713962;0.248316180435475;-0.846258556598323;-2.70798254957697;-2.60567063313018;-0.273377112291641;-1.64707928324413;-0.743723719503254;-0.867879020347659;0.136878356995181;-1.14631837315079;-0.378887966196476;-1.58315818055532;-1.73281804962851;0.575087444718984;-0.959121940153407;0;0.0610541070845068;-0.429182955135486;-1.72905900526347;-1.58579035804969;-0.535414964759736;-1.05657752170939;-1.59734940711861;-1.5383248806993;-0.286124630085457;-1.8657784848235;0.144268482856109;0.743904414071109;-0.814550069247098;-0.512072511055576;-0.905166986331049;-0.145751339165728;-1.42346310397627;0.727396945545198;0.345587454874082;1.04135268688239;0.672811818212909;-0.374167670273095;-0.164710440247033;-0.791814876159805;-0.902185557756098;-0.166870689098897;-0.838910251210563;-0.34986697004474;-1.01807980382926;-0.598014567349318;-1.01062622017982;0.0310505053827566;0.26236636122478;-1.77540261072247;-1.30521132493054;0.677975182337346;0.775808520191589;-0.11813259823716;-1.25729285446676;0.390032700019184;-1.05310903706742;-1.71922671219204;-0.96589253973502;-1.57380967826493;0.261414874778848;-0.608216407935465;-0.541622514880205;-0.608096361597736;-1.52301461641875;-1.32784377307629;0.884239143245865;0.696539268773446;0.10759467162232;1.21312166187931;-0.608850388971668;-0.636522862298476;-0.195898485105273;0.135808588295022;-1.09967575514831;-1.08234847500666;0.163094563130807;-1.52840260387874;-1.91418519243272;1.04528445617282;-0.0564845842858139;-1.19278610705817;-0.838580893062516;-1.94122009793844;0.119507413758223;-1.80699335543829;0.00583716841186155;-1.12847912500054;-1.33044981288099;-1.72094393896527;-0.986244511413305
