"Abuna";"Amazon1";"Amazon2";"Amazon5";"Amazon8";"Amazon9";"Andira1";"Apaporis";"Apurimac1";"Arinos";"Aripuana";"Bacaja";"Beni";"Blanco_Baures";"Branco";"Candeias";"Canuma";"Caqueta1";"Chapare";"Coari";"Curaray";"Curua";"Curua_Una";"Demini";"Fresco";"Grande";"Guapore";"Huallaga";"Iriri";"Isiboro";"Itonamas";"Jamanxim";"Japura1";"Jari";"Jatapu";"Javary1";"Jiparana";"Jurua1";"Juruena1";"Jutai";"Luna";"Madera1";"Madera2";"Madera3";"Madera4";"Madera6";"Madre_Dios";"Mamore1";"Mamore2";"Mantaro";"Maranon1";"Maranon3";"Maranon5";"Marmelos";"Maues";"Napo1";"Napo2";"Negro1";"Negro2";"Negro3";"Negro5";"Nhamunda";"Orthon";"Pachitea";"Paru_Este";"Pastaza";"Purus1";"Purus2";"Purus3";"Putumayo";"Roosevelt";"Santiago";"Solimoes1";"Solimoes2";"Solimoes3";"Solimoes4";"Solimoes7";"Solimoes8";"Solimoes9";"Tapajos1";"Tapajos2";"Tapaua";"Tefe";"Teles_Pires";"Tigre";"Trombetas1";"Uatuma1";"Uaupes";"Ucayali1";"Ucayali2";"Unini";"Urubamba";"Xingu1";"Xingu3";"Xingu4";"Xingu6";"Yacuma"
"Abuna";0;241.5330385726;239.622449522148;239.33903603672;238.138456496848;241.236623000627;240.894042977608;235.297019525553;209.934769343823;222.975970059005;235.077311896627;227.555140119042;231.873015682732;232.054427341989;237.535635144659;229.52387746745;236.577992454744;229.848409842852;225.238161239115;240.710074407575;229.437932121361;237.977613955502;239.684806360156;237.104428518729;230.380731585039;226.686502339887;233.369262866525;230.317699598196;229.520097494413;226.471503898429;234.844591014881;227.673035361127;235.40202778509;239.682619939261;236.105359777621;232.849598561797;230.857747163112;235.264715245132;230.682255657159;239.720378601639;238.435125005084;241.088424281836;238.993228486576;234.108289196405;234.123339956839;231.307994489592;231.570796360614;234.996645639049;231.497490882255;224.216931150985;231.718671899344;230.95815779812;229.578601084679;238.471482685421;241.611132508789;228.758258299115;228.870085037318;239.323198464231;240.204219285603;237.032951792327;231.028049288058;241.247690550015;229.945639351072;228.353538666723;228.203241089802;226.848039841466;237.037819559843;235.138049286525;232.836176461625;233.907989704489;229.386034229133;227.818377875705;240.244241020408;238.661032074401;238.031766328452;241.317445977422;232.659018581512;232.832781754081;234.375036901196;237.426503218303;231.765051346588;231.288629192454;236.50271176963;230.495398506053;228.033636769147;242.273380639195;238.152891673301;232.123848116291;232.128729818408;226.586309365504;238.516550042031;225.730807248501;236.21675408331;229.976635012685;230.558663090287;228.698810804098;231.678963274404
"Amazon1";241.5330385726;0;248.253643594061;248.314360939452;246.982943955609;249.199593983875;250.987380926857;246.601467572782;225.635487159986;236.187697302482;245.14060500607;239.402628007273;242.053937123323;242.863969055285;247.009898338573;240.026519191038;246.405877814549;241.596646808305;237.271737650732;249.741958392869;239.882859402381;247.985186657967;248.77451340436;246.301991692673;242.464355238937;238.832520450765;243.499913822285;241.532511714383;241.485508660895;238.359369882376;245.072329635119;239.870297862716;244.255108528118;247.219887428135;246.917127009036;242.506382631681;241.616453304656;244.611995404044;241.989291143819;247.882840215687;247.443079265819;249.131716213514;247.378494737139;244.182059136984;243.587153027287;241.512431409021;241.954231718641;244.381647748169;242.192454715618;235.678780113544;242.649955792724;241.154092284607;239.862768955325;248.30559879691;250.917863908385;240.544566869141;239.677426851931;247.865553456832;248.155672755418;246.473068175096;241.991206239388;250.266497344209;240.50117545465;240.402002123968;239.804354625413;238.288286189205;246.01324563395;245.213609154516;243.167397213086;244.152916855248;240.198042639851;238.741366342924;248.667614938055;246.993620316239;247.752543764405;248.804593709134;242.020557378718;242.937892126522;243.687301208354;247.053304099839;242.759664145544;240.999697419721;245.40845276424;242.2477250791;240.121500177432;250.773686239487;248.133418232743;242.451079070126;242.639679536331;238.678867449861;247.815352889641;237.681122754182;246.048515258204;241.51790876788;242.04794264141;240.521595703304;242.587750909569
"Amazon2";239.622449522148;248.253643594061;0;246.855447276923;245.656197927042;248.14617987521;248.789201430766;244.26396373514;223.716332948432;234.244657083755;243.507446868526;237.491003754942;240.631559017375;240.972300003106;245.491642437155;238.672011426455;244.861795546013;239.543989311012;235.426063860964;248.217679417032;238.54601265028;246.481274311365;247.428918142556;245.098104376369;240.384622365374;236.892881072476;241.886689795471;239.746605120823;239.299157303409;236.396802595638;243.256319575675;237.847552344557;243.21464142589;246.634661972834;244.855894644252;241.354192262432;239.940736544997;243.406725282211;240.172788543751;246.858564722723;246.104776711735;248.048798758163;246.269518989184;242.546023750069;242.354033628868;240.094945899486;240.529268866928;243.050265080474;240.449497510895;234.161797491732;240.881353333335;239.82764936325;238.679345924809;246.584668997001;249.252431041027;238.830721204692;238.298143007536;246.641008157622;247.207424089718;245.046590933872;240.185196379323;248.528955375882;238.992632279669;238.535838145428;237.787784738515;236.661088740204;244.812542371132;243.744764824802;241.696359722195;242.580489752984;238.827331095541;237.29577652516;247.40772061981;245.891869683967;245.95918840124;247.979900495914;240.989856748433;241.436608888698;242.557883043565;245.415064159601;240.981982050791;240.218762621903;244.26239584321;240.167470655613;238.306387401128;249.321641254921;246.323054037762;240.979446207262;241.079623967298;236.9085751525;246.4242005918;236.083066857862;244.347998410855;239.384408933211;240.245405854066;238.521568497999;240.79405801389
"Amazon5";239.33903603672;248.314360939452;246.855447276923;0;245.434897982629;248.018980187854;247.961064117345;243.321736528458;223.129349237209;233.449227724311;243.203945178527;237.059700395192;240.5563168971;240.683700154079;245.183908547538;238.535179865153;244.293224592484;238.962690706086;235.304506458354;247.813790858822;238.640665096939;245.606660143845;246.828244098068;244.488037987801;239.446373815798;236.614614121175;241.733575560254;239.617782462132;238.704535900586;236.23096630613;243.030034463201;237.275872069605;243.298297500112;246.629889346373;243.871721124959;241.298454626224;239.795338850569;243.32476194255;239.526798978053;246.769910457386;245.868396081435;248.005537056809;246.215346189697;242.330017256596;242.343220744532;239.983672321458;240.429000588684;242.958176912372;240.267757718843;234.823043779662;240.535387315738;240.021860558641;238.835076572217;245.9693624538;248.49327851769;238.297344408258;238.247088934002;246.523504052366;247.122403771853;244.679461812766;239.668235071202;247.875960457075;238.914780419238;238.159451694323;237.224157038741;236.627354835174;244.718323646247;243.213788456459;241.659196089075;242.298383482643;238.417937778784;237.336020958692;247.339168967337;245.895586127677;245.497010145802;248.091187895374;240.943736464893;241.28976863568;242.56793506297;245.108361678017;240.523622263888;239.8962830564;244.190506745032;239.541161582473;237.793499905423;248.985757982525;245.670876214939;240.433238536837;240.912091551081;236.484906060751;245.933857592454;235.943412849632;244.088926976224;239.016388922504;239.69307543407;237.898383121768;240.498731467906
"Amazon8";238.138456496848;246.982943955609;245.656197927042;245.434897982629;0;246.744519167566;247.277549495574;242.615761302535;222.311970247679;232.692234244654;242.021175747736;235.906055772033;239.22504027942;239.548486529793;244.043114993004;237.122071942677;243.338939205729;238.016911916734;233.930191682898;246.787302412028;237.141578681749;245.163121244811;245.99788530275;243.510081664606;238.981929873435;235.390848295125;240.495243039872;238.459424150241;237.759685896681;234.874901680184;241.859756822409;236.303848811412;241.792579858369;245.195987813805;243.219554781897;239.926645967862;238.463496226519;242.046401755258;238.585780954817;245.487531672074;244.678067061206;246.720521712445;244.836616314481;241.075164188453;240.902459528539;238.585663886049;239.179156733212;241.635384178205;239.020128938727;232.727694983958;239.480268713588;238.54010869548;237.410695944362;245.028579904102;247.796106378311;237.444882352673;236.916143389853;245.246530689511;245.813700271167;243.590110149746;238.532604208914;246.977146089151;237.556724811203;237.326759719378;236.027670969572;235.292801127075;243.39428253375;242.222784208131;240.417178989032;241.183382131462;237.387388935703;235.956366911261;246.072874497164;244.47464475586;244.461098602561;246.684809819509;239.538420055438;240.018021629027;241.206573104151;243.996655512805;239.472279924077;238.702481678276;242.826280141618;238.641096010268;236.978830194944;247.885565695865;244.718944132639;239.398014401588;239.727684658327;235.63453783631;244.896519304472;234.711753542552;242.890393791079;237.854763272967;238.805446521758;236.942500332976;239.419283288632
"Amazon9";241.236623000627;249.199593983875;248.14617987521;248.018980187854;246.744519167566;0;250.012831041869;245.784006458678;226.582574667332;236.555226729004;244.880319321572;239.296224912525;241.974381659235;242.493956589853;246.729539839597;240.197358014333;246.149912817964;241.248315645333;237.151698162;249.286422623133;240.044255049468;247.788795031616;248.611135500725;246.158409645248;242.162674366967;238.739463048456;243.247301714272;241.347492394078;241.115072856173;238.173557937896;244.547181655859;239.674447649171;244.412865563811;247.652489939786;246.314700823043;242.707764499517;241.46950550125;244.643269807475;241.815530894415;247.972616105275;247.266045602582;248.981075674659;247.205249444015;243.826113512899;243.603297906488;241.508599199687;241.974928812687;244.24503073933;241.943699903901;235.813802676595;242.307763562789;241.147521428887;240.086884652375;247.694096898659;250.330676226697;240.707564736941;239.886116543388;247.690804695734;248.137779468706;246.196139271779;241.642750174669;249.458714624813;240.411830445957;240.354406848312;239.494339654579;238.348363644937;246.005897381278;245.037902871683;243.163548592096;243.992719077785;240.401205341379;238.805737804075;248.46434997922;246.943259845429;247.239308193242;248.871440321932;242.178040461591;242.777003230709;243.820044458713;246.686241434528;242.560292204324;241.555234367777;245.434787959763;241.906183460665;240.121669086037;250.407989010893;247.604280865259;242.352773828279;242.531980416203;238.629605439924;247.596773778601;237.839608050494;245.70108472768;241.086237215661;241.976706800157;240.339694023248;242.282656160014
"Andira1";240.894042977608;250.987380926857;248.789201430766;247.961064117345;247.277549495574;250.012831041869;0;241.989206271575;224.317518517998;233.08208439857;244.707328996558;238.254743623062;243.014100214738;242.104233508883;246.613328122934;240.832183931492;244.827728814924;239.472251579849;237.820636693184;248.64821116387;241.988630641384;244.63270398398;246.927367116429;244.909641367701;238.323354197614;238.281164773271;243.865456249066;241.851787272218;239.051780099595;238.308027688464;244.73000866531;237.943410007704;246.166766697143;249.211798669297;242.450253307542;243.934221427427;241.986477508164;245.765156109262;239.895476829644;248.893444826851;247.335152480243;250.347826785149;248.574551440267;244.20355969643;245.112730750082;242.304763518711;242.842428487717;245.250087353225;242.185206002418;240.339491687241;241.990376879041;243.845183371578;242.288651069877;246.374523761009;247.821139275496;238.924486230241;240.99166382583;248.657555322504;249.46056293569;246.026335677018;240.70453533273;247.629342109527;241.57214935093;239.473780246666;237.3041790654;239.489445789733;246.959507389085;243.805471781191;244.167041099014;243.895434334897;239.362389950953;240.300241037102;249.423329782755;248.381449621756;246.154677700342;250.821677583903;243.647174076822;243.567667567797;245.365528715769;246.498253286006;241.436109795702;241.739201117169;246.538929415809;239.888982467355;238.791678342384;250.081481600355;245.813327548009;241.303596555119;243.034900341342;237.784399748781;246.89120941037;238.542835417263;245.657960975294;240.337891048893;240.295697523727;238.268084432811;242.044362851322
"Apaporis";235.297019525553;246.601467572782;244.26396373514;243.321736528458;242.615761302535;245.784006458678;241.989206271575;0;215.80763496909;225.797062642161;239.554521552606;232.21175804897;237.870530589902;236.87122717262;241.783488324549;235.25904507297;239.349983079056;233.513367515706;231.923612357958;243.994971999741;236.925271209997;239.367182652056;242.07955005802;239.908934591424;231.651753019618;232.246999116976;239.024280455756;236.999066077126;232.929614959004;232.351292065717;239.922954473043;231.80443546403;241.506723531669;244.750056797981;236.540613044002;238.813195245156;236.66988569446;241.013864570989;233.859584967381;244.293515525896;242.499978030163;246.158685383111;244.028146014097;239.078445486997;240.257130856961;236.667429112509;237.635773281865;240.414448530635;236.902434207812;236.235854732817;236.765134339579;239.32523530439;237.697082613307;241.576743932796;242.87526125821;232.56073206035;235.672594250706;244.26027225291;245.207758290113;241.313185188887;235.140543952147;243.16237312313;236.309353620143;233.856537515205;231.155470971462;234.230181634874;242.219577519741;238.313818953652;239.275322950909;238.726114709902;233.475625787819;235.218356352536;245.056700801567;243.787858404886;241.069188178009;246.672853025903;238.544707674295;238.648879844966;240.614100264967;241.779744440354;235.795881406968;236.534859143145;241.775188190645;233.824495371461;232.962533324142;245.447084142149;240.476366377547;235.760182452323;238.063505833081;231.934121265892;242.15055181078;232.806468163082;240.7481125349;234.787006509132;234.492207089981;231.902755221304;236.759116774321
"Apurimac1";209.934769343823;225.635487159986;223.716332948432;223.129349237209;222.311970247679;226.582574667332;224.317518517998;215.80763496909;0;194.501339880983;216.696582929704;205.0162298226;212.166198105721;212.76377579042;220.000400177247;209.140551895096;217.502112044183;207.422304406013;202.015960007882;224.648228135404;209.071079901308;216.129439785852;221.789133885611;218.428195766308;204.688766338678;203.378470914628;214.875125152552;207.785983783181;207.28461911218;204.349673853322;217.134006352941;203.864938529789;218.611561291369;224.889244964423;215.972289282674;213.870687996864;211.115445662275;216.753463552957;208.81876631014;223.925084463617;221.684509770123;226.161518889271;223.721199715902;215.935767836661;216.201028841378;211.854662630608;210.388998013594;217.531841662977;212.322215826271;199.941083809711;211.239852542854;210.749732427465;207.035257638619;221.141462354166;224.351933944664;203.487460803186;206.507397258385;223.661510116442;224.634390909563;218.945004922533;210.378464131916;225.910391073633;209.630266693399;201.354532344815;206.063328890209;203.692707443708;219.97540066066;215.460371899294;212.800678949702;214.203455915404;206.145847332216;205.467306511822;225.062845874751;223.702475806264;221.076387184302;227.391167804988;213.50609368097;213.849923077289;216.247478773794;220.311023190935;210.845423126175;208.681689318968;219.518415958457;208.041247700546;201.980404975411;227.653244850125;220.22680302648;211.280716315007;211.437911079258;198.01275058787;220.547291808885;199.334509886428;219.047986346241;210.074340469521;207.838446590284;205.858144497166;211.137364068977
"Arinos";222.975970059005;236.187697302482;234.244657083755;233.449227724311;232.692234244654;236.555226729004;233.08208439857;225.797062642161;194.501339880983;0;228.42241528366;218.614056621089;225.885665697476;225.056956332954;231.136961019474;222.429033498403;228.792129707065;220.894762474036;217.996761553649;234.65442363464;223.726651957817;228.001949967723;232.034490313854;229.379037943;218.614577529941;218.472756814947;227.346369485003;223.232937426876;220.154659163991;219.01345319498;229.046647677161;218.031506967201;230.352052726047;234.913640315611;226.21224710175;226.896938944417;224.296961312274;229.490803346383;221.169029614279;234.419284628239;232.424043185939;236.690000501844;234.522525261921;228.185681500081;228.77352207185;224.982650050559;224.995904988847;229.539484143354;225.015988843743;220.743994833513;224.737331977671;226.359753613259;223.63523197059;231.738855440523;233.828808165819;218.521577004765;221.821661726984;234.341534679607;235.433747035637;230.497054466464;223.110049571298;234.643895185333;223.896127866147;218.858549261111;218.062186255937;219.729715228724;231.476245019909;227.338334112675;226.748116236372;227.017886363883;220.017340039593;221.325475633654;235.412387972576;234.206089621442;231.195020629483;237.417548662108;226.869140794161;226.810131499912;228.965945833324;231.217637011012;223.415993693233;222.95616892752;231.04641908322;220.955696929961;218.270045243302;236.650235641687;230.557533808691;223.881791789783;225.414962938101;217.049793802396;231.482429778244;217.613089087175;230.03901517023;222.349238036805;221.107768628334;218.779380293571;224.451263765829
"Aripuana";235.077311896627;245.14060500607;243.507446868526;243.203945178527;242.021175747736;244.880319321572;244.707328996558;239.554521552606;216.696582929704;228.42241528366;0;232.553291339654;236.490815777524;236.680886349088;241.559702440166;234.25467560962;240.661470796644;234.63948233269;230.534614946101;244.473968275699;234.276595894547;242.05525303897;243.512398203271;241.001347681108;235.1571658858;231.840874822757;237.802091693559;235.289062456822;234.33846687894;231.583602865246;239.208309098835;232.701589645098;239.606035194656;243.352025575057;240.158160451771;237.306549897433;235.536126539049;239.543203872166;235.246344050286;243.485536151601;242.374280365993;244.776858898081;242.848304598819;238.482062289478;238.435282660976;235.893032225403;236.24388845995;239.238144151215;236.156679698604;229.589401579002;236.446891942382;235.746841394311;234.498498449863;242.444856992579;245.318901718675;233.788871201088;233.813762073727;243.125957973204;243.891638174651;241.037455729795;235.536946111489;244.808147726812;234.705505475369;233.560538653233;232.798622373012;232.005395492677;241.095419470625;239.424048658731;237.536078258649;238.342614929471;234.096563202335;232.8424873843;244.053486682347;242.551744973309;242.004771071708;244.980760912718;237.086365605565;237.305574129916;238.730136868783;241.519168497468;236.382598126871;235.77637140091;240.590639898197;235.195998705658;233.170553376875;245.863861856236;242.119085762522;236.488631125523;236.807266941261;231.796119379958;242.448027628483;231.080667975948;240.387407898499;234.768582748683;235.391847361853;233.469252335711;236.384229829335
"Bacaja";227.555140119042;239.402628007273;237.491003754942;237.059700395192;235.906055772033;239.296224912525;238.254743623062;232.21175804897;205.0162298226;218.614056621089;232.553291339654;0;229.477660574496;229.421680604831;235.070936681537;226.808652146032;233.815218860794;226.700880158334;222.38245370327;238.467039938535;226.965407351756;234.615740862813;236.887166063718;234.289359986274;226.549568394649;223.629838994674;230.954749636496;227.482985120963;226.144017448161;223.580955887793;232.510844430779;224.270940588043;233.272300197628;237.595334888596;232.85328802682;230.463034121277;228.259558847165;232.93524844331;227.338165790195;237.658655550352;236.171915763218;239.207926050236;237.113377391108;231.753673583609;231.854759201136;228.921916716581;228.991667094673;232.803932784483;228.987867597476;222.088972301727;229.095916505852;228.70109399076;227.100214030861;235.975522146634;238.94185243532;225.383976340356;226.083092060956;237.215275541851;238.122785441023;234.47709979593;228.020770141291;238.814424661808;227.504671876781;225.063148192453;224.712617376483;223.992336970067;234.75549960744;232.340358841072;230.391450942381;231.322999565312;226.151527332884;225.262892085175;238.249213895542;236.738535899827;235.519701217559;239.660067347451;230.289160088721;230.376289297701;232.15067461437;234.989976822353;228.757161525879;228.144185031761;234.291752607465;227.163810407878;224.64616047946;240.09350040152;235.381528986642;229.116544151852;229.491804651308;223.367372477852;235.801508325711;222.660750884998;233.71140179492;226.877120066042;227.114346432497;225.233426827834;228.942963677628
"Beni";231.873015682732;242.053937123323;240.631559017375;240.5563168971;239.22504027942;241.974381659235;243.014100214738;237.870530589902;212.166198105721;225.885665697476;236.490815777524;229.477660574496;0;233.496530521619;238.797690143316;230.855749096237;238.23556075999;231.765450155066;226.375668030584;241.972806730419;230.11420360908;239.766173136644;241.277947244207;238.510201524344;232.788857389675;228.130454366852;234.362170405951;231.213358225081;231.819997736078;227.941996629378;235.870852798052;229.826083145208;236.224005440742;240.451634741906;238.550274658431;233.771298417182;232.145959093914;236.05530351097;232.674803340192;240.778634476541;239.589823876398;241.694739990263;239.686431057972;235.241971180209;234.899774588493;232.55152665578;232.384034035981;235.861996059638;232.707950094689;223.714829585804;232.934429841193;231.061648301345;229.863512452608;240.024638385252;243.358090512729;230.803984540613;229.822974247495;240.116682656052;240.861431212792;238.136936820537;232.693993747146;242.75037299526;230.82055171194;229.660213177648;230.42790162381;227.76120689255;237.972574092859;236.645534953542;233.700496836108;235.1394355015;231.102572755023;228.457637282448;241.082603278902;239.456602301907;239.661843761882;241.840995733443;233.363157982541;233.739867782368;235.084996223483;238.714108171023;233.593431717505;232.323202212728;237.442896115599;232.615930848475;229.643050077794;243.631229790668;239.984549087865;233.681361668068;233.133219602717;227.714079022672;239.883724556918;226.613326179436;237.58539387539;231.819889721674;232.539127504813;230.963034202067;232.895372048706
"Blanco_Baures";232.054427341989;242.863969055285;240.972300003106;240.683700154079;239.548486529793;242.493956589853;242.104233508883;236.87122717262;212.76377579042;225.056956332954;236.680886349088;229.421680604831;233.496530521619;0;238.965021679745;231.372573069748;238.101598607769;231.569158159611;227.255504856373;242.018605702818;231.207980654547;239.190278661177;240.939666456976;238.389795362551;232.022969192837;228.622194102257;234.811931540056;231.906256895313;231.342690631356;228.379041741087;236.228843597329;229.592810062814;236.970665415942;241.093691200559;237.512531507585;234.500993418291;232.639199678947;236.75876513661;232.370714061704;241.13920687126;239.848381735025;242.376735446052;240.442587838353;235.7021162864;235.744241195731;233.185009740503;233.232093485996;236.490650054151;233.063959528335;226.193389982047;233.316734211324;232.648103881105;231.26215197864;239.865680175142;242.767735696899;230.636824017265;230.667627606714;240.605883459751;241.461042345456;238.353432908502;232.687569981804;242.299925027599;231.669531570406;230.083305334266;229.899543777441;228.650223349919;238.50321681598;236.646298967557;234.45604751473;235.467673912926;231.08074150698;229.60824905926;241.542001534598;240.089355801323;239.391846884585;242.622721476772;234.2842218884;234.353670352979;235.903832067657;238.841097891118;233.465378628343;232.82438539063;237.994154414964;232.264235798333;229.775062082873;243.581079750387;239.639263731146;233.658144761221;233.715199171584;228.395084252612;239.833437835474;227.783849906372;237.706594191948;231.671866961256;232.164615291419;230.54662166328;233.143817019164
"Branco";237.535635144659;247.009898338573;245.491642437155;245.183908547538;244.043114993004;246.729539839597;246.613328122934;241.783488324549;220.000400177247;231.136961019474;241.559702440166;235.070936681537;238.797690143316;238.965021679745;0;236.689064726873;242.787478966188;237.055987950316;233.192460363735;246.412294360411;236.713860139334;243.973845578503;245.438513921831;242.927909280701;237.511270799736;234.479156576972;240.028960024683;237.564987962739;236.825054429219;234.210803928491;241.385762558352;235.220890469642;241.759058892997;245.327429902223;242.29146865974;239.611284813826;237.957434164238;241.681614944492;237.656749754674;245.469673998495;244.41011122226;246.684108410709;244.865078158905;240.730107566113;240.683154395198;238.308380982859;238.563362675799;241.403781821789;238.517466042198;232.348673285167;238.757026490368;238.072558745382;236.750686056701;244.469005044376;247.153178356373;236.275856701049;236.244680795669;245.096817279656;245.761595281184;243.043219797741;237.83440179686;246.58222435533;237.115261366424;235.930363908143;235.179557696939;234.491496774038;243.192396962954;241.589399264636;239.842645432588;240.577599642361;236.481581203333;235.264559190893;245.997756985221;244.611922598945;244.072066961446;246.872599289379;239.31643819756;239.545868951433;240.91840721931;243.57870525775;238.697825478724;237.908172743386;242.694649203604;237.629223267178;235.590725201865;247.76402403725;244.191751275857;238.713251908481;239.062869537684;234.233569686702;244.391452733658;233.645245980357;242.539494962534;237.193566859121;237.759577632783;235.987452455431;238.662466684129
"Candeias";229.52387746745;240.026519191038;238.672011426455;238.535179865153;237.122071942677;240.197358014333;240.832183931492;235.25904507297;209.140551895096;222.429033498403;234.25467560962;226.808652146032;230.855749096237;231.372573069748;236.689064726873;0;235.986864261058;229.315498711642;224.264246095563;240.061944532565;228.06994526132;237.870155806661;239.213774329603;236.303065988427;230.430670407489;225.849136721625;232.444142120454;229.384941533978;229.124948137899;225.592742912295;234.174053000338;227.13296589043;234.061659037901;238.309744322422;235.933753698952;231.632816215055;229.85300500669;234.151590440967;230.076378136575;238.639565465295;237.51961459455;240.016762445808;237.882312840707;233.274131985833;232.856357630444;230.240238923077;230.56155143595;233.98555271636;230.66049121529;222.212174914391;231.070089440255;229.68655445817;228.213805808245;238.057974961656;241.402367503417;228.147733242148;227.692004579561;238.259502538895;239.093364875851;236.218021238772;230.261836318903;240.874592631805;228.95278443347;227.741301509157;227.082394719531;225.679860437185;235.895513386237;234.413242458833;231.865184050775;233.100497657175;228.503576190149;226.599512377292;239.266288431819;237.519110296411;237.439730529349;240.068764340121;231.412653233545;231.816374379487;233.158710324884;236.696615440726;231.073797777841;230.021811736296;235.362659921603;230.001253345955;227.403268662888;241.563933219792;237.638966592619;231.330235063443;231.208277150665;226.052900503141;237.748757970044;224.622066756806;235.423259055024;229.358611713285;230.05724617208;228.192730165975;231.027958287964
"Canuma";236.577992454744;246.405877814549;244.861795546013;244.293224592484;243.338939205729;246.149912817964;244.827728814924;239.349983079056;217.502112044183;228.792129707065;240.661470796644;233.815218860794;238.23556075999;238.101598607769;242.787478966188;235.986864261058;0;235.535338228161;232.499206355963;245.340091925745;236.588369367282;241.623602352574;243.873634195007;241.434377565536;234.825083794092;233.630906846205;239.523062203848;237.299186013144;235.214877030942;233.451228731566;240.731598089819;233.658958794501;241.524417833153;244.868334157813;239.92545107124;239.020684247512;237.340432578859;241.16308656452;236.0618343097;244.698238218158;243.520645706575;246.251123006404;244.262777273212;239.849151197858;240.323476424802;237.35873448262;237.920839078497;240.789234375487;237.800277674049;234.314195893228;237.671035980376;238.284165636832;237.041902227188;243.083685393851;245.178025109824;234.406500119216;235.74373120625;244.616052086789;245.210615848715;242.144373574271;236.601503734058;245.28328650171;236.518550752768;234.792336852859;234.007381805433;234.239652144796;242.6167719475;239.994155578916;239.442005834644;239.62507947412;235.058418165147;235.132994074884;245.504583016792;244.104479880794;242.826070641726;246.63259437422;238.579852490145;238.984065092028;240.545619818191;242.78037441352;237.465072525296;236.924424312402;242.122795866923;235.987090833867;234.151033074468;246.744438691593;242.507465507101;237.231675886272;238.474470311684;232.841254314687;243.253552169131;233.003922253715;241.800402052962;236.242748505987;236.270650312351;234.197960996005;237.756339006186
"Caqueta1";229.848409842852;241.596646808305;239.543989311012;238.962690706086;238.016911916734;241.248315645333;239.472251579849;233.513367515706;207.422304406013;220.894762474036;234.63948233269;226.700880158334;231.765450155066;231.569158159611;237.055987950316;229.315498711642;235.535338228161;0;224.988844787728;240.101889916543;229.587592181806;235.85258899815;238.550868642139;235.904220672854;228.077477578002;225.995881912935;233.143377639268;229.877549870617;228.389804649392;226.154414176686;234.555605286428;226.512286583983;235.742420321922;239.910010668157;234.091036050772;232.775898285887;230.670239927758;235.126535997496;229.369423192881;239.73422771469;238.085677774446;241.234339896237;239.2066901499;233.876748473915;234.256176814772;231.270630065213;231.235206531466;234.976931577393;231.223807713648;225.1812209542;231.035531275127;231.280186669443;229.653063029008;237.604049252238;240.171243062492;227.296936486658;228.582268890951;239.223694648155;240.192464718409;236.333524207796;230.097530325439;240.214771016836;229.878110780357;227.043238453049;226.777426196892;226.562410750948;236.968616175833;234.074241688255;232.70855724574;233.27787252673;228.33181095468;227.719304300586;240.316489601459;238.944059010028;237.331861459888;241.803213933553;232.586095961907;232.546523171606;234.419157040243;237.032738639944;230.922146610857;230.349889772203;236.529165076347;229.205285113435;226.527796338888;241.945270614856;237.055995222436;230.993714354989;231.706990177426;225.120010054165;237.712655646552;225.129206192386;235.933099313339;229.479579864431;229.352805573464;227.38911821234;231.075827157906
"Chapare";225.238161239115;237.271737650732;235.426063860964;235.304506458354;233.930191682898;237.151698162;237.820636693184;231.923612357958;202.015960007882;217.996761553649;230.534614946101;222.38245370327;226.375668030584;227.255504856373;233.192460363735;224.264246095563;232.499206355963;224.988844787728;0;236.785672626589;223.414022085967;234.094462944859;236.078670400297;233.115747880892;225.968786656947;220.752109215938;228.336675828311;224.360291348807;224.999919101882;220.719685943039;229.952326009746;222.651263398915;230.614514940056;235.500643848653;232.721225958932;227.652888567611;225.616969396222;230.205921783378;226.098811097545;235.701961893142;234.208005734975;236.744517096907;234.530576267417;229.233050226155;228.947839167449;226.22503397466;225.924652775988;230.158415362446;226.356106477317;216.216560442273;226.474455461858;224.474418747628;223.20908761122;234.49251379117;238.321614302415;223.696717005461;222.989161969405;234.927560284714;235.902997775319;232.549810817966;226.244477055094;237.930159548135;224.329030579765;222.342465440457;223.750717633999;220.599783260254;232.432324168659;230.651672490106;227.321021947334;229.000777979936;224.551877459894;221.599835555;236.020630410935;234.316665025111;234.188942691525;237.165167738215;227.367613647074;227.589641556201;229.211417849389;233.108027731059;227.150853973556;225.966780913037;231.911413809682;225.851615408832;222.292980808207;238.75351716803;234.312691055113;227.545706164438;226.73956294328;220.356616648525;234.37681084305;218.96829558026;231.840522119399;225.168967411988;225.870203087906;224.137539113185;226.440212945578
"Coari";240.710074407575;249.741958392869;248.217679417032;247.813790858822;246.787302412028;249.286422623133;248.64821116387;243.994971999741;224.648228135404;234.65442363464;244.473968275699;238.467039938535;241.972806730419;242.018605702818;246.412294360411;240.061944532565;245.340091925745;240.101889916543;236.785672626589;0;240.333468132059;246.161456738389;247.840545719131;245.461115848317;240.165645048855;237.939468601627;243.144890693475;241.049968807701;239.909136025671;237.745855718308;244.279572680734;238.511868348827;244.880224666769;248.12610519288;244.56135013169;242.805948304618;241.279629706348;244.706733419589;240.654355237485;248.174617630872;247.062866499538;249.330089223591;247.544028889952;243.652268740905;243.854411051088;241.457835497189;241.821530788954;244.366945137464;241.65369477425;236.988684832984;241.72787929012;241.641165907446;240.450738388529;246.900173676634;249.201817490729;239.430696148759;239.827537920407;247.872323686123;248.541928212379;245.849037584797;240.922953062698;248.685540857956;240.427610956171;239.325115969655;238.353138081008;238.237346424183;246.132812912883;244.169820268036;243.100302743431;243.557991596981;239.639205057826;238.854429361416;248.681970430477;247.363587482096;246.5762402262;249.517749424309;242.40248948236;242.69423619666;244.085912170651;246.363696836136;241.746122636973;241.152256210619;245.610654788695;240.679341031156;238.930648984279;250.174272157718;246.649505031651;241.595894952793;242.281335842941;237.575457248497;247.058109197623;237.337718319461;245.445928810616;240.446462775967;240.923324996552;239.144285554915;241.733074828526
"Curaray";229.437932121361;239.882859402381;238.54601265028;238.640665096939;237.141578681749;240.044255049468;241.988630641384;236.925271209997;209.071079901308;223.726651957817;234.276595894547;226.965407351756;230.11420360908;231.207980654547;236.713860139334;228.06994526132;236.588369367282;229.587592181806;223.414022085967;240.333468132059;0;238.781687852746;239.897074691086;236.897871631043;231.670272442999;225.417105947322;231.796056882239;228.250445715162;229.80563268428;225.161219851408;233.631525451218;227.51382322118;233.552603425138;238.195173570925;237.524282183082;231.013033254388;229.372384172915;233.507844121383;230.713356488063;238.682045539601;237.645535534369;239.60254711099;237.594039723115;232.962571254808;232.198528660574;230.13294911291;229.729732866576;233.543621208384;230.21310470542;218.5842722256;230.525690997774;227.59060015105;226.576360445137;238.361185873768;242.374366009943;228.59617839244;226.695909614893;237.850063377419;238.677894017051;236.018723913076;230.430330312533;241.655094905049;228.085681157167;227.094921704267;228.462909675398;224.382619063506;235.594032894522;234.847142195531;230.8550294863;232.755152658418;229.004500752186;225.312152537723;239.004931622977;237.230828953158;237.968325173281;239.696767640826;230.825710864336;231.011017285733;232.29892512893;236.644175089457;231.450550206596;229.743271113435;235.070407512529;230.639261938822;227.01238896919;242.026751107026;238.424792575137;231.685197909063;230.402124492753;225.355730409696;237.979124831981;223.52703429175;235.384968006434;229.307033409227;230.304918541905;228.97216886001;230.568425751994
"Curua";237.977613955502;247.985186657967;246.481274311365;245.606660143845;245.163121244811;247.788795031616;244.63270398398;239.367182652056;216.129439785852;228.001949967723;242.05525303897;234.615740862813;239.766173136644;239.190278661177;243.973845578503;237.870155806661;241.623602352574;235.85258899815;234.094462944859;246.161456738389;238.781687852746;0;243.735853161541;241.448985049968;233.018181078803;234.71108534785;240.918935639434;237.958681549122;235.567198141584;235.228469298579;241.968272094895;233.877508174423;243.903406350957;247.039823227614;239.232327092547;240.924385702643;239.128748325647;242.631727001752;236.227209125012;246.788962183993;244.961068431484;248.11065816995;246.451075180039;241.529337364248;242.435534574142;239.564021073312;239.158578104448;242.525928274835;239.335004707342;237.749013620722;238.299620568921;240.13618663946;238.151349144803;243.526727321779;244.83261679094;234.247654573767;237.087250816487;246.364467438319;246.970209397533;242.867477586997;237.454820122344;245.358364135878;238.217563037158;234.109694679082;234.128210929703;235.473243100657;244.46466511624;240.47068217574;240.7365737024;240.659859986402;235.083148064062;236.390040244945;247.336671579893;246.57926836252;243.904582086077;248.996202994446;240.298122277191;240.450831198088;242.404676246187;243.93580482091;238.12072766308;237.103397642079;244.083443166304;236.175565924743;233.495795553825;248.283622133279;243.196822052699;237.560295353293;239.44915387973;231.946536606784;243.904319425002;233.701020962151;243.370989455869;237.528727320702;236.128520496713;234.58816873558;238.346882142178
"Curua_Una";239.684806360156;248.77451340436;247.428918142556;246.828244098068;245.99788530275;248.611135500725;246.927367116429;242.07955005802;221.789133885611;232.034490313854;243.512398203271;236.887166063718;241.277947244207;240.939666456976;245.438513921831;239.213774329603;243.873634195007;238.550868642139;236.078670400297;247.840545719131;239.897074691086;243.735853161541;0;243.803697438923;237.557605982601;236.973030327621;242.399967614908;240.085614261667;238.158799532232;236.864529634455;243.511731866422;236.752787608551;244.373307424243;247.431667234103;242.351124019193;242.120299317648;240.512250086848;244.037807648329;238.935099927349;247.413411458459;246.190801579465;248.841547341418;247.08953259581;242.892045669531;243.355824728542;240.74829055655;241.028212265331;243.696791857189;240.862081192709;237.688084638924;240.693380667902;241.467207896473;239.861739681442;245.565703909422;247.404917075282;237.663792046428;238.924574418388;247.24609944354;247.786977733593;244.706780568366;239.523705823283;247.112451265841;239.739186492802;237.76290694344;236.492963296295;237.478213611099;245.438177222217;242.792856935799;242.367740019646;242.556153943289;237.845770044985;238.204397598043;248.059289908881;246.921558301075;245.429232418237;249.175446925092;241.718944295115;241.991204155602;243.522897122494;245.35640768603;240.274500025444;239.673927751533;244.920948520898;238.979767800874;237.272880305665;249.172284405406;245.206152735672;239.985649406262;241.394805536748;235.958604113836;245.647205054234;236.41655586077;244.486662518212;239.212703430835;239.05827562036;237.290607730436;240.684627906992
