"Abuna";"Amazon1";"Amazon2";"Amazon5";"Amazon8";"Amazon9";"Andira1";"Apaporis";"Apurimac1";"Arinos";"Aripuana";"Bacaja";"Beni";"Blanco_Baures";"Branco";"Candeias";"Canuma";"Caqueta1";"Chapare";"Coari";"Curaray";"Curua";"Curua_Una";"Demini";"Fresco";"Grande";"Guapore";"Huallaga";"Iriri";"Isiboro";"Itonamas";"Jamanxim";"Japura1";"Jari";"Jatapu";"Javary1";"Jiparana";"Jurua1";"Juruena1";"Jutai";"Luna";"Madera1";"Madera2";"Madera3";"Madera4";"Madera6";"Madre_Dios";"Mamore1";"Mamore2";"Mantaro";"Maranon1";"Maranon3";"Maranon5";"Marmelos";"Maues";"Napo1";"Napo2";"Negro1";"Negro2";"Negro3";"Negro5";"Nhamunda";"Orthon";"Pachitea";"Paru_Este";"Pastaza";"Purus1";"Purus2";"Purus3";"Putumayo";"Roosevelt";"Santiago";"Solimoes1";"Solimoes2";"Solimoes3";"Solimoes4";"Solimoes7";"Solimoes8";"Solimoes9";"Tapajos1";"Tapajos2";"Tapaua";"Tefe";"Teles_Pires";"Tigre";"Trombetas1";"Uatuma1";"Uaupes";"Ucayali1";"Ucayali2";"Unini";"Urubamba";"Xingu1";"Xingu3";"Xingu4";"Xingu6";"Yacuma"
"Abuna";0;1.18592276286058;1.16848371797467;1.17820687937934;1.17270681671987;1.19024542188981;1.19236822698374;1.11805212521849;1.31760612221366;1.20999702754916;1.21944639166462;1.13965300228844;1.16506942359363;1.1082374849189;1.16147940249102;1.18824880216497;1.1738773011261;1.14999579156636;1.13519311105662;1.12510899703827;1.16504289763485;1.20469998634434;1.14108742642958;1.16993988022818;1.15223406698874;1.22613505089278;1.2015472746188;1.20655790584224;1.14014544658779;1.17426238955034;1.12727297620833;1.09242540448236;1.19045698276289;1.14432474036829;1.24390841270043;1.19087867509642;1.18168356764218;1.16309733546364;1.16959904440732;1.16021407634669;1.17794275097688;1.21671964739266;1.19997235524826;1.18782109250396;1.33033260983067;1.1437280436237;1.21474819226654;1.18769126603385;1.15439074076098;1.12159770905585;1.13424128459724;1.17720443371809;1.3020148305059;1.1543155712269;1.12185253857087;1.1103983596688;1.1527074259288;1.18424085841199;1.18106941493624;1.15999284214632;1.14213085958446;1.17921409681221;1.08169650529104;1.19913035209772;1.05627541822476;1.18122746634884;1.23245729055939;1.16583369095792;1.12246524742485;1.12678627463732;1.16818993407256;1.27543634356918;1.22564762039857;1.13750357961752;1.17072321195183;1.12116384290454;1.15545306237248;1.14558474727321;1.14325297184683;1.17943069135237;1.07987751267211;1.26656237790066;1.16086905828234;1.11353235779997;1.21068613636456;1.20376942970179;1.25243226593523;1.15178797991009;1.10113795093594;1.27714913485146;1.09715185484452;1.26412466018774;1.15240584683206;1.15987559832177;1.19493360688236;1.19746360348629;1.22312543396285
"Amazon1";1.18592276286058;0;1.10319125625534;1.10620097319491;1.10842080476981;1.04413398479596;1.18837366818287;1.17561415002374;1.44464795508261;1.29090467499215;1.10919336989285;1.23210523239482;1.16642039900766;1.16189160623725;1.11013671713433;1.11517266401104;1.06065843596386;1.17547580339703;1.24727519690629;1.06421026491868;1.14846373126451;1.26952772770008;1.07678043128528;1.06053366590782;1.28837034877822;1.29720206069367;1.13807178611965;1.19610743424878;1.17010843014904;1.19395309685469;1.14336892921477;1.23268002590869;1.08668530115772;1.0491749087287;1.20889752071741;1.1268898814847;1.14186195849758;1.09842705491929;1.1897872104538;1.05908450050243;1.09044342675037;1.05025748221143;1.05972275165005;1.09297409116417;1.13671313443064;1.1357305192771;1.14519518456411;1.10995286267583;1.13007585658985;1.16990425557062;1.13506509932425;1.20116750043025;1.27753991365903;1.08428360075779;1.05943379896928;1.09897013061801;1.18971450836262;1.09371602278874;1.06304310887583;1.07702960763432;1.13054937957825;1.09651253634979;1.15044642108984;1.26369527555248;1.14725949735043;1.21519385815343;1.12053305792509;1.07832272650388;1.13735230935372;1.09834552121457;1.15174214164004;1.29924938399897;1.09692731305176;1.05759267155647;1.076900443665;1.06010388721886;1.12105868020856;1.12531783861121;1.10239112059087;1.1229260174971;1.13155392740711;1.1977294754455;1.08579636748394;1.16700888797724;1.26182864432348;1.09466338301555;1.11233628444896;1.09395509564281;1.08807221467783;1.33884222394147;1.13308473410283;1.3611098641957;1.15585472466275;1.16670461107072;1.20852298474756;1.24675828862178;1.18196290890183
"Amazon2";1.16848371797467;1.10319125625534;0;0.958015246812239;1.05529483172828;1.03637954140722;1.17043686470259;1.19576539879022;1.35236551945192;1.26724152368543;1.06526563553546;1.21576366620852;1.17835257628535;1.17155960226041;1.07548317101811;1.07175920408727;1.09130776668813;1.19888642815264;1.30279199071983;0.99756996288456;1.1483878564935;1.26817726644338;1.14989303801823;1.15640595560719;1.21822860342959;1.31037416848127;1.19566556884952;1.18294192690836;1.24979367950872;1.22677051523257;1.17253893671414;1.22677097446866;1.10996862264169;1.03121321764296;1.23814401884407;1.09958085857225;1.10389964146676;1.10047650195608;1.253642608527;1.1116991204932;1.0341976601146;1.01210947710263;1.07091565130132;1.1266827755813;1.06680319423971;1.16554640100888;1.20718620512062;1.10806420866947;1.20848175612387;1.12733322347087;1.19807795616529;1.2589675341574;1.32598275710406;1.1659839036693;1.08393626097169;1.128097815768;1.15710108298144;1.09441651569911;1.10128115335803;1.11174529956382;1.19517501136471;1.21321620654404;1.19330024330114;1.27002564172597;1.07951834080003;1.2293365862238;1.06658727733306;1.16797141277927;1.18018575723642;1.11195226442282;1.17215475675953;1.36306719485883;1.07153710868607;1.1524519275008;1.04516218915363;1.10207409102986;1.18656878385148;1.15542365397995;1.13466427913285;0.991465793865652;1.06252893969316;1.25090535691956;1.07973798509411;1.15520017045078;1.31106189079744;0.992919664605601;1.0623446529481;1.20794756912974;1.10903067571225;1.37695117660156;1.04969982499966;1.39199681247999;0.994687364346845;1.18466370943303;1.26421189474652;1.28419430200282;1.25649792173783
"Amazon5";1.17820687937934;1.10620097319491;0.958015246812239;0;1.0553988092234;1.09375998191735;1.17207509585274;1.19036172991088;1.35144794890781;1.22222449870352;1.02793614372097;1.17742582415701;1.18544292237168;1.18338717246006;1.05773850981137;1.06693982422275;1.1155829486787;1.19580538015428;1.30387294323919;1.01846164907555;1.11778864214287;1.20194267929667;1.09797355702327;1.14635791879451;1.18890209205355;1.30085100756211;1.19470728326064;1.17135885544071;1.24019571293793;1.25575833630536;1.18120770726599;1.19217524622312;1.09064736792361;1.04912385789653;1.22349285185975;1.09811673086283;1.06893002532749;1.08869374161246;1.22943892347877;1.07636348849648;1.01986401338786;1.0104070186404;1.12616032896837;1.17270056091693;1.06980464959745;1.16172434840857;1.19552032673033;1.12247374034417;1.23999760993331;1.12768238795797;1.20867695922407;1.25185795606218;1.32572385537479;1.14543852417455;1.07753799545782;1.11964932922055;1.13096920156693;1.04562388038404;1.0727032632863;1.05739123635186;1.1578603183064;1.22156891047949;1.20950102575845;1.24928530665398;1.06204493240048;1.22953254820931;1.03308316772053;1.15099637964618;1.18231046644674;1.09024910192449;1.16326384112307;1.3685230401765;1.06969913619152;1.18523604368471;1.0305778911099;1.11591509159135;1.18653147401671;1.1591101757854;1.1056288988768;0.953764622762097;1.03619314584947;1.23041706275542;1.0283910942037;1.10367425797112;1.27082978455981;1.00029889441995;1.089755127932;1.18620715226076;1.08751453653797;1.3495591533206;1.04375675694458;1.36197016489092;1.00592402368577;1.19203637746807;1.23962129286141;1.27430418616073;1.26910168105399
"Amazon8";1.17270681671987;1.10842080476981;1.05529483172828;1.0553988092234;0;1.03109925064816;1.17111086408744;1.17260495334109;1.35690216579893;1.24506339536361;1.04880552451866;1.16731949997317;1.1836966771866;1.16019049369389;1.08121785344209;1.08391866954536;1.09553519323691;1.2237121610752;1.3305455763914;1.00510413118229;1.19587924388489;1.20409219851378;1.1281947792259;1.09718931915079;1.20344944193142;1.31701170250317;1.23194199385863;1.20914643795864;1.20902339129528;1.2624592298242;1.16499992864013;1.17220993338861;1.05431367272552;1.01663211913908;1.2131061213407;1.12515456252722;1.09234630179513;1.11229272687275;1.23296616186058;1.11810695575348;0.98742033507368;1.00727898750393;1.05368530938773;1.1712336088709;1.10239345007903;1.1434993559165;1.18041627199892;1.08766817612041;1.20644191311903;1.12897157099622;1.22320919522257;1.29989063229395;1.29785825606433;1.12493805872366;1.03518088210836;1.15562814907009;1.18161005786479;1.12119217826453;1.10304094764166;1.05949277169424;1.14342315362199;1.17032406720911;1.16518238950444;1.28929232905147;1.06362325504775;1.21869349826755;1.00168423045527;1.15847068157009;1.19947440365631;1.17860568039703;1.13228413713399;1.35570524514162;1.04805249356871;1.17757781906568;0.983798519727803;1.09805232991464;1.21069064242126;1.21489701657209;1.18217803111817;1.0443058404204;1.0509444077088;1.20844239446578;0.972157554109927;1.15479316863713;1.34044063190221;0.991336439859493;1.10749440289203;1.1589087441979;1.12508320969095;1.35911331344073;1.02076893155914;1.38192815412998;1.06829312116779;1.21374311391155;1.2110323582694;1.27144266788309;1.24947872328366
"Amazon9";1.19024542188981;1.04413398479596;1.03637954140722;1.09375998191735;1.03109925064816;0;1.10726009257136;1.13743985997016;1.36478666153979;1.25242210693968;1.11593188857128;1.16895137794245;1.19813359339188;1.22144604636171;1.11309928471552;1.10102873067016;1.05689265463032;1.25487847612301;1.33063671436968;1.02570191885344;1.20399251599846;1.18069068607913;1.09776690788574;1.09824614722095;1.18184469058524;1.31819647664179;1.28401259253388;1.18113659383438;1.23338789314038;1.25071058370099;1.14765102158691;1.19520076004875;1.06004372762052;1.06012216309294;1.16791437482114;1.17086793444167;1.14306181722139;1.12540673887077;1.22933589751172;1.06011062490855;0.9883009417495;0.976624718315568;0.967976628930436;1.08006005209677;1.13645056203084;1.13775058051296;1.23377073662768;1.13254301745851;1.24520511726833;1.13226949206795;1.2016750012977;1.28473082318577;1.25592443426955;1.08277574615785;1.01106163661714;1.10038456624289;1.18653255920068;1.18537125280368;1.08360440931804;1.08357173326407;1.16904030295925;1.16679197884376;1.19620030459457;1.29485118255676;1.05066966714094;1.22925604996331;1.05043895976923;1.11463394038695;1.18948174490814;1.18632907360083;1.10766695542317;1.32917794138205;1.00122902199721;1.13363362104995;0.966617035182905;1.05938843951104;1.1605819344125;1.20407142412192;1.19278196590235;1.08825747983195;1.04157807776531;1.18404119166687;1.01964205619613;1.18533953779041;1.35234540983336;0.999542230975167;1.07324988850919;1.19451489890385;1.12337366688044;1.34188531320382;1.07612582258954;1.3817008772704;1.09019982057833;1.20197859054476;1.21780633582527;1.28431185339801;1.23107771930883
"Andira1";1.19236822698374;1.18837366818287;1.17043686470259;1.17207509585274;1.17111086408744;1.10726009257136;0;1.08185743290167;1.37132924979827;1.20566691676547;1.1665116750602;1.16057227792222;1.22963204310771;1.1815124419087;1.11796753897163;1.14982715002663;1.05956372766136;1.13449098571699;1.31671245363419;1.04607010869435;1.21528622826226;1.12634044695821;1.05300746083738;1.08113279555595;1.17672894799416;1.30885390197982;1.2300156689319;1.19739674056003;1.16800719224441;1.31509513704797;1.16863914494589;1.1452043693377;1.2035438045176;1.10738647225084;1.07270487117272;1.23058252591232;1.13661010210585;1.19506012440262;1.21342575211039;1.07908258633874;1.13306147133249;1.16174799715302;1.12590634557171;1.17108545005337;1.23306708200929;1.22359049440358;1.24868736312511;1.20991709376939;1.2455124543995;1.12070194176309;1.16186442998062;1.33280909631919;1.38802099890504;1.04421839702625;0.98981378123183;1.159875032245;1.22726032640459;1.17060669093415;1.1426061220197;1.09288918902806;1.11469521668687;1.10376871610588;1.26241854790002;1.27642364996005;1.01093732236509;1.28299685537311;1.20379424541035;1.10588458991659;1.1963134498362;1.18276922390097;1.12909598284282;1.36998160222326;1.1777082621779;1.25727369730648;1.10776009825555;1.18197414883028;1.17778824872602;1.15625027158776;1.18456856101701;1.13382634722707;1.08410464833451;1.21259490920239;1.18980868954451;1.16503802425927;1.24358847134371;1.08522840557618;1.00969573396377;1.11152535627241;1.12314102546976;1.35040828384259;1.02739243656297;1.36982762414577;1.15669713568454;1.19613291688374;1.21068611080788;1.21726268477098;1.28910913933205
"Apaporis";1.11805212521849;1.17561415002374;1.19576539879022;1.19036172991088;1.17260495334109;1.13743985997016;1.08185743290167;0;1.37549558381374;1.09276406020181;1.18409343164736;1.08456200719496;1.21302874195936;1.16824258107543;1.20273523998648;1.16894663113827;1.02341790384501;1.20661750571223;1.21589721506189;1.10528116730133;1.29008119771616;1.14377023759659;1.1445642231199;1.05827327583339;1.06727634270501;1.21837844256193;1.19429958097981;1.26651622179837;1.09918666677398;1.21092092194531;1.19070520530454;1.11122478701367;1.22887259568091;1.18184422293991;0.997524716762117;1.23278519300571;1.19071205768425;1.21657772017935;1.10307533868996;1.20128194518811;1.1596162167958;1.18081430421313;1.08743714969542;1.07805058515049;1.24416206685447;1.15456711090625;1.24313429743139;1.15623478714801;1.19747832236459;1.14816758192543;1.17938190483761;1.31064253965656;1.38239988171259;1.0696959834018;0.976352276813092;1.19124272066585;1.31465755406771;1.19104897218183;1.17745204046444;1.13296768992916;1.1755806049491;1.06537494726267;1.21424768660299;1.29352601569208;1.0368141917652;1.29848108439354;1.18652785775373;1.0223697647684;1.19731538004122;1.20472030249827;1.05544499663754;1.3313092137009;1.1805642010988;1.11739132380427;1.09041307351958;1.1894265376357;1.1481713289565;1.16480539021624;1.23513934632173;1.19830370167202;1.08414574344464;1.21408229615864;1.222987463003;1.15538763667683;1.30884299772772;1.15417256961935;1.08034951892927;1.08941453751051;1.19676585380126;1.29502266600207;1.0524336369537;1.39255298951964;1.19282844631141;1.16431995634145;1.08637124707632;1.15329350023864;1.20284627948483
"Apurimac1";1.31760612221366;1.44464795508261;1.35236551945192;1.35144794890781;1.35690216579893;1.36478666153979;1.37132924979827;1.37549558381374;0;1.30559989480408;1.32601083497261;1.30918711404072;1.30830591223496;1.33558792616301;1.32396014023518;1.33351351763704;1.33746686142427;1.30039498928942;1.26142126608314;1.3610097000872;1.28059524489549;1.35069296024772;1.37024042817017;1.39105391630345;1.25807065793075;1.30471516078018;1.31743124686738;1.26384257606149;1.28588763054863;1.31380872796854;1.33970556049962;1.25215512750809;1.35347411252409;1.43039088053778;1.37697605881671;1.34338502850439;1.29686427243351;1.33737410908845;1.31145383700821;1.40195458932639;1.35020372145324;1.3587431252506;1.3565656620977;1.31750758752336;1.32193021528333;1.33491724903689;1.29394246373132;1.3298826247304;1.32157073969274;1.07821668355333;1.30166725608747;1.25645430436259;1.23789562038772;1.35440420093451;1.38549883084878;1.31787244936562;1.27259168973908;1.35853197411702;1.36121798705731;1.3253105722296;1.30732650786819;1.36642788985319;1.30193288632172;1.22925238374109;1.27196085755058;1.23816095557979;1.34594137171866;1.34897861220586;1.30686988231826;1.31537799192088;1.30206602920426;1.22419358305127;1.35518037403044;1.37348166742409;1.35709140995006;1.38043956676572;1.33670167911362;1.30641292764565;1.33359684785866;1.32405426706514;1.31223400906811;1.32982791254776;1.35260224800475;1.2828399564475;1.2616991861833;1.39280534172707;1.35580116541477;1.34010525946019;1.29363781177242;1.19208365731801;1.36076806812371;1.22499559788161;1.32352237033374;1.29576318204071;1.31006594257898;1.32785337884124;1.29535949350129
"Arinos";1.20999702754916;1.29090467499215;1.26724152368543;1.22222449870352;1.24506339536361;1.25242210693968;1.20566691676547;1.09276406020181;1.30559989480408;0;1.24714824249161;1.11290516254558;1.19558665662163;1.18831691919547;1.2206966935781;1.25236805769819;1.17676787122699;1.16202349804853;1.15575491095801;1.2337907783135;1.2711492991522;1.16220255099371;1.13683853800368;1.14533941261061;1.09443614416236;1.18085470412729;1.21397449215742;1.18825538260902;1.11538737130342;1.24350282052835;1.24260127991703;1.23328298716636;1.29507826697794;1.22939655788043;1.1860736569791;1.28480446041614;1.2511472807448;1.26524186734161;1.00474926310554;1.29926804164387;1.25114384035638;1.27717382120172;1.27004108218576;1.26035854940451;1.29378453921482;1.28277787122478;1.22468325749035;1.25835715547811;1.22064481981462;1.13462399623541;1.21793124763841;1.27275506539045;1.345505073351;1.21611193604149;1.16252458038879;1.1972118641267;1.25382446697333;1.25946367440078;1.278061670357;1.1871364884437;1.17335653281143;1.14526363764704;1.24178122675829;1.18589935721827;1.04501840725822;1.18710956101492;1.30109787260706;1.15653596674097;1.26496252084782;1.20397978276267;1.07777662737686;1.20675317478304;1.27142402335499;1.29793785496105;1.24425205408568;1.29401084602295;1.22891990717132;1.19638274080667;1.25605043763288;1.22979453649732;1.16317335837233;1.20780108341364;1.26815196605772;1.17043604340741;1.2338209958051;1.2891771260579;1.22851783828717;1.07917046690818;1.18036164862078;1.2471933193372;1.19110052577487;1.26545687239882;1.22479375664616;1.12077976224349;1.10808558900598;1.13744909617533;1.17002123043976
"Aripuana";1.21944639166462;1.10919336989285;1.06526563553546;1.02793614372097;1.04880552451866;1.11593188857128;1.1665116750602;1.18409343164736;1.32601083497261;1.24714824249161;0;1.17925078498832;1.20423483281675;1.19800378833468;1.01118001694192;1.09152796892637;1.15094951315108;1.10542486338273;1.28206035074251;0.969754478457635;1.09431097099764;1.18877857810561;1.14835255268802;1.1021737833837;1.18084705472556;1.27925954649162;1.1674585054814;1.19995114138595;1.18485160312333;1.24630444860723;1.16676123126052;1.13392768709328;1.08461606007803;1.07770642508616;1.23149841091799;1.03081463345512;1.09360196891726;1.04574245099974;1.25251797461946;1.09166404448206;1.02135085284892;1.03295439002505;1.22836726390425;1.21154823805678;1.08397901412139;1.23706951434745;1.16602913185744;1.1024614410031;1.21772392339913;1.11913574481344;1.16217399124403;1.2195852302903;1.29496114638337;1.13277756503226;1.09186394041267;1.13514105041884;1.11351485323063;0.987624273026264;1.07085173148348;1.00499695242868;1.07291417263645;1.19454799869668;1.16490579319472;1.23976153594273;1.05922237699289;1.18286826088816;1.0180259902406;1.17511418582218;1.13055831901331;1.0427044517109;1.23160874377582;1.32781517702498;1.05292393960908;1.16616727773066;1.05821687753531;1.07823586452254;1.20043029724387;1.10314590641848;1.06821671985967;1.03283240724809;1.07168209302827;1.2403747939999;1.02778880186781;1.07830872522837;1.26243785604477;1.02438746409173;1.1225701632431;1.13502053822534;1.07904776328942;1.32558145241649;1.00178636740605;1.31021868649871;1.04870273102396;1.20375010286378;1.21720122329672;1.22060730833337;1.26448893266897
"Bacaja";1.13965300228844;1.23210523239482;1.21576366620852;1.17742582415701;1.16731949997317;1.16895137794245;1.16057227792222;1.08456200719496;1.30918711404072;1.11290516254558;1.17925078498832;0;1.1567029851634;1.10343090469227;1.16561108294696;1.1225323432382;1.12907003562246;1.11631136020639;1.1020591449804;1.14724862974013;1.1919834549278;1.15773529621853;1.0840367845709;1.10711127086072;1.08490895032153;1.17353786703767;1.14013763533986;1.14491409245765;1.10407382075847;1.15888875894558;1.16482838973864;1.12840469947439;1.21705902778517;1.16534644305806;1.15925849754081;1.21768191808092;1.1686639830532;1.19480717551946;1.01806980971097;1.2159073983648;1.19520125493996;1.18735424408097;1.22191456560458;1.16128894538858;1.20292883088953;1.21335404167051;1.16497570498321;1.16958149303892;1.16485669567828;1.12412338412034;1.15841892645677;1.16763203474418;1.29720497147901;1.10778445969984;1.11000828333306;1.12259609482369;1.18387462145619;1.20037822597134;1.17046159972552;1.13412059789728;1.07944696572068;1.12342916912695;1.14500141138479;1.17832030548235;1.06883293434251;1.13711808064503;1.21005624498181;1.09422606043986;1.17503032279927;1.15781590051085;1.02776352342908;1.20259894095184;1.21403424280926;1.20475101939673;1.13258028899592;1.20961051288471;1.1478313082988;1.14035051362442;1.20924655887376;1.19575107198912;1.09845600808305;1.19506422434511;1.19043988908471;1.07888832574581;1.22303313084425;1.20385472153845;1.16323207447518;0.999275402314684;1.11158157787194;1.27263702738342;1.12055312747729;1.21005021081513;1.22654722012258;1.13498640157624;1.14095666937937;1.13782818796508;1.09173900972149
"Beni";1.16506942359363;1.16642039900766;1.17835257628535;1.18544292237168;1.1836966771866;1.19813359339188;1.22963204310771;1.21302874195936;1.30830591223496;1.19558665662163;1.20423483281675;1.1567029851634;0;1.12539624779943;1.22893893227737;1.2080417627666;1.23398706173347;1.15703842292568;1.20747731762386;1.12838621482538;1.05728103885856;1.18674886313665;1.19689386679964;1.17020681488166;1.11764271300633;1.26024803191175;1.15654284744695;1.09416343585309;1.26766773787735;1.20579038996963;1.09647574735659;1.25746445782204;1.12692590316868;1.15009438551332;1.22398472668177;1.11323547639536;1.16469886217466;1.12119381339121;1.17533938643418;1.17913480442009;1.19253866284384;1.13953200256066;1.2089824720821;1.14732357460307;1.20217520869252;1.21673624188723;1.0591557358747;1.08379718904913;1.05288907047159;1.12118728815177;1.12077439652241;1.17754274253952;1.20705497716875;1.21616005251681;1.13182955961899;1.10009844608919;1.04174774719097;1.23121844500682;1.24303361225517;1.21743969787862;1.24374839799905;1.26031773408874;1.04916055941513;1.20688202006058;1.06550741926722;1.07085806731187;1.19341947803332;1.17038569994058;1.10049312848384;1.12070687589705;1.13456582418796;1.16496259337428;1.16077099121468;1.11280553985169;1.14271846519713;1.08174116328904;1.1277643449924;1.1114022646009;1.07836285052283;1.21422834081548;1.15863352915263;1.19826965119907;1.14395516852384;1.15347074861739;1.24443510539625;1.2695827578249;1.30647857548168;1.13579162698323;1.02020297459695;1.25116981196397;1.16297070423961;1.27478435665463;1.20364671656198;1.20555007681334;1.21599284022411;1.23030095603403;1.23582180078834
"Blanco_Baures";1.1082374849189;1.16189160623725;1.17155960226041;1.18338717246006;1.16019049369389;1.22144604636171;1.1815124419087;1.16824258107543;1.33558792616301;1.18831691919547;1.19800378833468;1.10343090469227;1.12539624779943;0;1.20814263103795;1.1749949339074;1.18579455445252;1.16186717624163;1.17249680961259;1.11413892983326;1.17531206344724;1.20190744515675;1.18245008084507;1.14834074172817;1.1274299557338;1.26064345078038;1.19737074259557;1.16395047897628;1.15676061318402;1.18496770051754;1.13988126214504;1.19322489253368;1.16605251558857;1.1302582769468;1.20875708071019;1.13793324066638;1.14822905925861;1.15487078263141;1.19069870697336;1.09490050361552;1.22331789344967;1.14940300943905;1.23818103256949;1.21290512612156;1.29544143619;1.17681572778862;1.1648336086377;1.16100682443889;1.05804535370462;1.11564185426992;1.07541819145575;1.23813670408869;1.34651886480676;1.16751676129575;1.11368823541505;1.0838600890877;1.18668485362415;1.22441972812045;1.1734617671792;1.18902904670218;1.17432673962715;1.22755299606498;1.05088344285587;1.23478209648077;1.04842445629417;1.18630104111587;1.21669356610881;1.15855519317907;1.13986222812786;1.16177299036853;1.11402362606559;1.25996404464335;1.2011841212234;1.13583111698402;1.10053905280086;1.11690466235376;1.16360173720238;1.18778848047435;1.14400950034232;1.20162417105271;1.13865196986191;1.19321648054982;1.12200919290279;1.13593232246711;1.22016900136725;1.23219546856038;1.27182079906624;1.05815421699455;1.12443380209751;1.29680629964148;1.10765492456759;1.34710951683574;1.17000139503632;1.1101639291691;1.17325587576226;1.17695593292469;1.14858249277034
"Branco";1.16147940249102;1.11013671713433;1.07548317101811;1.05773850981137;1.08121785344209;1.11309928471552;1.11796753897163;1.20273523998648;1.32396014023518;1.2206966935781;1.01118001694192;1.16561108294696;1.22893893227737;1.20814263103795;0;1.07450168192032;1.13483087206575;1.18245545714589;1.27737505440164;0.996137208042879;1.08775453059915;1.18463997551622;1.1111644569255;1.14691720475713;1.18734411081733;1.26619372841473;1.15531543875119;1.17274554263529;1.19851628609347;1.23290450000471;1.16026901363203;1.16899057812101;1.15738053732942;1.06773070658522;1.18560206147165;1.05152744928208;1.05025868069179;1.10037189658653;1.21992695737011;1.13773262457981;1.04727876173244;1.02903979078643;1.10658695635467;1.19282217607852;1.07240967674671;1.16680308991174;1.16327401205624;1.11185825350566;1.22652845205784;1.11678973083435;1.17612671586287;1.2138188686289;1.28983020276153;1.12219099117298;1.07051581465019;1.13315615188364;1.13023519944918;1.02738594463848;1.1322464447047;1.04551762449669;1.20342588361498;1.2162771251513;1.22690495374284;1.25517319532206;1.05071841505704;1.18099825641033;1.00960999112382;1.14862928571409;1.15760916108841;1.13453215612676;1.13995723235197;1.34550155405258;1.08747167232752;1.18003659079852;1.04615034897162;1.13892237632582;1.2233081875578;1.13191359660463;1.1139293688567;1.03067925747826;1.03971229341201;1.21756251454674;1.03324209929925;1.11126083630982;1.25572876543199;1.04444354637964;1.11215331736943;1.19985115816965;1.09811507811552;1.33341266617924;1.03465982666732;1.34673453792753;1.04744800529329;1.21471205553538;1.20797638114267;1.2438236338608;1.21728191002871
"Candeias";1.18824880216497;1.11517266401104;1.07175920408727;1.06693982422275;1.08391866954536;1.10102873067016;1.14982715002663;1.16894663113827;1.33351351763704;1.25236805769819;1.09152796892637;1.1225323432382;1.2080417627666;1.1749949339074;1.07450168192032;0;1.19353623577808;1.06467270215506;1.34657570572995;0.994277631658761;1.06387150973065;1.23322545675407;1.19650982930988;1.08752722625969;1.22546096403485;1.33759707051743;1.15634797171111;1.20275868127693;1.18487967946074;1.28581498314107;1.13969568838247;1.15282584813616;1.04846285081518;1.06597657786368;1.22729355123237;1.03432233559027;1.08527375491543;1.01410242095941;1.22181683940368;1.08288640430678;1.06932588141414;1.01258602467588;1.20332963896433;1.16057600550053;1.1802499457135;1.19524051013019;1.16703155895147;1.14070259903635;1.20867254514395;1.13144875797389;1.13299810968011;1.24645074625554;1.31950344451539;1.21804970421636;1.12470381307759;1.11766184313157;1.1049536586328;1.07864256821361;1.10421503285542;1.0758461670605;1.09475334659515;1.23486136834287;1.18692061140543;1.27512192138433;1.07063011480897;1.16173847588185;1.06164539180314;1.12269467739165;1.1701210135918;1.01185768810017;1.15317387512676;1.33937148990173;1.07206921423112;1.15001420118825;1.0465912706262;1.04821167964037;1.08763688357056;1.04595771994222;1.03396533978341;1.10403147699993;1.06172900165444;1.23387955514318;0.989594266197623;1.13362016874338;1.23336824901173;1.07816350938833;1.17204686285818;1.08838548268368;1.05820787702182;1.36387843679872;1.04476392863171;1.36800858946441;1.0469106532396;1.19851958718011;1.22229011929505;1.28704737882384;1.28973287544548
"Canuma";1.1738773011261;1.06065843596386;1.09130776668813;1.1155829486787;1.09553519323691;1.05689265463032;1.05956372766136;1.02341790384501;1.33746686142427;1.17676787122699;1.15094951315108;1.12907003562246;1.23398706173347;1.18579455445252;1.13483087206575;1.19353623577808;0;1.19113320168149;1.28497810463778;1.03335842966093;1.23893315340873;1.11477455159938;1.05749896904845;1.12206485492642;1.1285937237993;1.28480405726147;1.22184450362366;1.23526356917886;1.11565864881154;1.25190242084868;1.16322105424824;1.10515373773845;1.12126065140739;1.057065476837;1.06331291593074;1.19268420757594;1.16569975925966;1.14607717122594;1.14240317602534;1.0536316271654;1.08127833407157;1.13392801079459;1.08237666331576;1.1632834127632;1.23562052779041;1.13882107570985;1.23416999098159;1.18361918857294;1.20250010704047;1.13321056114681;1.12686999765859;1.31650089953228;1.35164152260185;1.06343444937789;0.997765657197056;1.14165048622851;1.22865699997108;1.15263223595193;1.076588079455;1.09562676493382;1.12785741358292;1.07818094853942;1.20383619822653;1.26281462777294;1.07298832341246;1.26198949172806;1.11938963981518;1.08180604646618;1.19828813377651;1.14331006825488;1.13631800536337;1.34316918956836;1.09709099229626;1.13823006094392;0.996364373362368;1.11876920368655;1.13031447224158;1.15674761388868;1.17574407891818;1.10906519659252;1.03148972121804;1.19625001536693;1.06639042861846;1.12326827737824;1.29318022136169;1.07476623598072;1.03373552566895;1.13548977450131;1.15375194009611;1.31321637814589;1.04552337141604;1.37332069724465;1.12068183388351;1.13421937136184;1.16209575462166;1.2077131972009;1.25485288239454
"Caqueta1";1.14999579156636;1.17547580339703;1.19888642815264;1.19580538015428;1.2237121610752;1.25487847612301;1.13449098571699;1.20661750571223;1.30039498928942;1.16202349804853;1.10542486338273;1.11631136020639;1.15703842292568;1.16186717624163;1.18245545714589;1.06467270215506;1.19113320168149;0;1.18909811134659;1.07534863236345;1.09931991895124;1.14913464878675;1.16482421803333;1.15147329123207;1.12353585931102;1.20713737858407;1.17536043432767;1.14987827968672;1.17011358420524;1.18033565529402;1.15057957374724;1.20989093233579;1.18094806426833;1.14345354192297;1.21251852486957;1.20736423815855;1.10930262003403;1.09577774021352;1.13992786854164;1.20952606998585;1.17963668744221;1.1331313278824;1.22007645060939;1.16941231211949;1.16982856373846;1.2308797263699;1.12002052853215;1.15958313677164;1.20424319256742;1.10479665038787;1.15727367624887;1.19350747445775;1.31856165774785;1.1454789666754;1.11180550228042;1.11775546196271;1.10666473496364;1.2266530912075;1.23514668967237;1.17829749266606;1.19606706993459;1.25660742158856;1.16052354101502;1.20609604353525;1.0486933228583;1.13485801684668;1.1848888881028;1.09618464295857;1.12606702097346;1.14729221922991;1.15786065407114;1.29958474168879;1.21241178835351;1.20433645638407;1.13752654323631;1.23228224520454;1.1759319630248;1.14679014171105;1.19589303901763;1.18085378433938;1.1217023557446;1.24421761809046;1.14317429605524;1.11412312394675;1.23513676898404;1.23438095463805;1.20873559588933;1.09829453921464;1.082946395337;1.25983155592719;1.12049210936933;1.27815894234251;1.12774215481343;1.18434250333371;1.18176914419843;1.20027762310929;1.25138276158477
"Chapare";1.13519311105662;1.24727519690629;1.30279199071983;1.30387294323919;1.3305455763914;1.33063671436968;1.31671245363419;1.21589721506189;1.26142126608314;1.15575491095801;1.28206035074251;1.1020591449804;1.20747731762386;1.17249680961259;1.27737505440164;1.34657570572995;1.28497810463778;1.18909811134659;0;1.25987504840586;1.2252787966723;1.19528936340086;1.26450023512896;1.2656503477236;1.08693470324365;1.14253982025089;1.22410648747537;1.06836576359895;1.14803353344111;1.12360776800599;1.19163331593534;1.19002193138076;1.29580740618164;1.23876962488255;1.25313289981533;1.28258744731694;1.22812233284159;1.29826357293629;1.12724714064227;1.30612998864583;1.31383504464861;1.31367044762592;1.3394040185438;1.24875415359577;1.34064237442683;1.30039983249037;1.20158698301908;1.27093417392596;1.17807041882935;1.11767831456225;1.14926449865363;1.10580220247292;1.19952027706764;1.23031750898049;1.21301898144264;1.17832721657789;1.20928221990839;1.31410281069883;1.32512122795894;1.25175656592058;1.23913970957881;1.29257266489344;1.17198264259227;1.105721309462;1.0813814314111;1.08793108011845;1.34760207644974;1.28088141952095;1.1476887855945;1.23803171785265;1.14956330009905;1.12728907805936;1.30429237142702;1.28433884661367;1.27902967433007;1.31517601023144;1.30013104421408;1.22422884102917;1.26351965872778;1.27241396319842;1.19192573028708;1.22212372119318;1.29839030655126;1.13310373223691;1.19424240535318;1.34077773540763;1.31903573944004;1.16955845861871;1.14696490421927;1.14403868972807;1.23958513370805;1.10821168894146;1.26168923693502;1.12967725440778;1.20691027914026;1.14035827461781;1.15529812537694
"Coari";1.12510899703827;1.06421026491868;0.99756996288456;1.01846164907555;1.00510413118229;1.02570191885344;1.04607010869435;1.10528116730133;1.3610097000872;1.2337907783135;0.969754478457635;1.14724862974013;1.12838621482538;1.11413892983326;0.996137208042879;0.994277631658761;1.03335842966093;1.07534863236345;1.25987504840586;0;1.11701785521929;1.17000235547557;1.08905027452872;1.07701573267272;1.20174064329382;1.26001047908233;1.08797788915209;1.19072516966285;1.08430591791515;1.21963332081303;1.09383032174578;1.08333172001408;1.01306329015076;1.0374854536751;1.14598829350336;1.02244712926742;1.01334160254431;1.00755501496719;1.19479041164709;1.00060689237138;0.969227019220775;0.938678501623506;0.988044981628888;1.02634005100037;1.04852256703359;1.12317965816362;1.10431466416124;1.04071923798179;1.14106317097549;1.1240405109479;1.17293051044219;1.18160469766571;1.28055452733736;1.04812889180675;1.05009300902162;1.12752183283802;1.12201461988195;1.00913485630986;1.01302316967976;1.00318926362066;1.05858675889499;1.06588868277726;1.12944383380525;1.20971288452472;1.03802235415888;1.18236995103376;0.959317847231071;1.04446102161876;1.08570659279085;1.04267079937809;1.11329929869332;1.32029653789558;0.993718270681586;1.09534753047098;0.990877133200818;0.965633251292957;1.0970938451712;1.05263896580655;1.04884814142623;1.00366137685829;0.986985511582675;1.24108857052786;0.991190898411433;1.06929857392005;1.2463269974534;0.984344348988461;1.01888560647434;1.08843845002209;1.03958780588731;1.32834893141067;0.97552211557243;1.27210545127148;1.0075955468372;1.16273208632425;1.20279348612118;1.22200479897749;1.21578189611885
"Curaray";1.16504289763485;1.14846373126451;1.1483878564935;1.11778864214287;1.19587924388489;1.20399251599846;1.21528622826226;1.29008119771616;1.28059524489549;1.2711492991522;1.09431097099764;1.1919834549278;1.05728103885856;1.17531206344724;1.08775453059915;1.06387150973065;1.23893315340873;1.09931991895124;1.2252787966723;1.11701785521929;0;1.25279156981159;1.21912471708023;1.1762870580996;1.1914097168725;1.22631363769608;1.10449883562372;1.1376833714833;1.23928762280317;1.18454863704398;1.11828680610015;1.29377016917394;1.06859700997641;1.17652063701;1.28143713810479;1.08469582989596;1.07511320541738;1.05367275620333;1.21391789424465;1.20133587149493;1.13218470895838;1.10226858911374;1.24060699255394;1.13269865785236;1.02421573697243;1.21819199298008;1.05489652712867;1.11794663302912;1.19298977054417;1.10569441167213;1.20951976168202;1.2066936742973;1.34774616340537;1.18930648897573;1.14512725177896;1.22501532860636;0.967422116244944;1.14230563666434;1.18119473620896;1.14465780214261;1.21212572506908;1.29150336934563;1.14235449510429;1.24259859741399;1.10436635525645;1.21277455904217;1.09298597487712;1.16814470720395;1.10562389532768;1.05315075676088;1.18475306622993;1.32977845482175;1.11883324519947;1.17851284552856;1.18814360946229;1.19915988550635;1.21560723079522;1.09206390687296;1.11102924784032;1.14732378303877;1.13581670604899;1.24062710218065;1.10524795222243;1.17884538607211;1.2968628076967;1.23090688471732;1.27836187209092;1.16690936340397;1.01681468418186;1.27651268106928;1.13795505734346;1.27640849586116;1.09726887839115;1.21898866824644;1.23074456975129;1.29335470825704;1.24908307959026
"Curua";1.20469998634434;1.26952772770008;1.26817726644338;1.20194267929667;1.20409219851378;1.18069068607913;1.12634044695821;1.14377023759659;1.35069296024772;1.16220255099371;1.18877857810561;1.15773529621853;1.18674886313665;1.20190744515675;1.18463997551622;1.23322545675407;1.11477455159938;1.14913464878675;1.19528936340086;1.17000235547557;1.25279156981159;0;1.13881267208624;1.08480058977051;1.05099569091575;1.19045564078235;1.16353364360823;1.19130610167649;1.12111604408397;1.23766189103179;1.18576316483458;1.11499760209996;1.25310786739118;1.31037853630183;1.06494523934959;1.2612160283552;1.18655624241764;1.22599191900663;1.08420204479714;1.29442603748782;1.19769449220028;1.24901312065295;1.22303100417542;1.19639570520932;1.22514895585208;1.24421029200199;1.20938013913431;1.17154570783332;1.21415145868576;1.15489962150007;1.1371930493437;1.22642326265957;1.21513265824442;1.07376450992437;1.13580024342781;1.20301073851978;1.2295895571999;1.22170938793256;1.20875776691033;1.12277902246027;1.09730311539829;1.0850072968095;1.1979886077004;1.18938914588344;1.053342544972;1.21565793186822;1.23700877339736;1.15585483739231;1.20067674057571;1.20528564876711;1.10820980295739;1.19148462409338;1.23465939710506;1.27209776036953;1.18315308218833;1.27463164319531;1.19989596382053;1.15907287740419;1.23389307055603;1.16665789580527;1.13488104797834;1.17001219937128;1.24579489505167;1.1001731486329;1.17780249910062;1.24386063344163;1.17477270125951;1.09249766484674;1.14636299299674;1.13715485559804;1.18229775067569;1.2024595883628;1.20728787316496;1.15287822316749;1.1123124303345;1.13420475327055;1.16658756508562
"Curua_Una";1.14108742642958;1.07678043128528;1.14989303801823;1.09797355702327;1.1281947792259;1.09776690788574;1.05300746083738;1.1445642231199;1.37024042817017;1.13683853800368;1.14835255268802;1.0840367845709;1.19689386679964;1.18245008084507;1.1111644569255;1.19650982930988;1.05749896904845;1.16482421803333;1.26450023512896;1.08905027452872;1.21912471708023;1.13881267208624;0;1.07360313880329;1.10552330119956;1.28400563522704;1.22063078088838;1.16615837312232;1.04271935092883;1.25572148083361;1.17245121871504;1.05465523836014;1.13380907739177;1.02574293781334;1.15824639475843;1.21890373922048;1.18691184103743;1.18317034417855;1.10274912872908;1.03303809808212;1.13713962434407;1.11540244443362;1.11584968130509;1.16345145503417;1.19183502378481;1.19174076735667;1.2344201239117;1.17116321511675;1.22409660459426;1.13889650462455;1.19585452635048;1.27108241022572;1.29038738441159;1.06288227619732;1.07404926954501;1.15302311531058;1.21191470443104;1.16918517153444;1.08770493792824;1.10615546963466;1.0549464629465;0.999063208863056;1.21849752564204;1.24851406960258;1.04922020186646;1.27384661142665;1.18856920086586;1.13289251803445;1.17399491524605;1.18518310221934;1.10250018545283;1.28660768369909;1.14172174428996;1.19023407290245;1.10379837229436;1.1346064506609;1.13852307263076;1.18990633885325;1.19910719870334;1.11915129848506;1.05118782877122;1.1367470978219;1.10283494036543;1.0703677134859;1.25975476566098;1.07765591936685;1.07151890936792;1.04953622913658;1.15125381772637;1.30131061522905;1.08008139160374;1.28547275280393;1.0937612554393;1.085146313022;1.15682943794061;1.09036222299663;1.21412532488721
