"Abuna";"Amazon1";"Amazon2";"Amazon5";"Amazon8";"Amazon9";"Andira1";"Apaporis";"Apurimac1";"Arinos";"Aripuana";"Bacaja";"Beni";"Blanco_Baures";"Branco";"Candeias";"Canuma";"Caqueta1";"Chapare";"Coari";"Curaray";"Curua";"Curua_Una";"Demini";"Fresco";"Grande";"Guapore";"Huallaga";"Iriri";"Isiboro";"Itonamas";"Jamanxim";"Japura1";"Jari";"Jatapu";"Javary1";"Jiparana";"Jurua1";"Juruena1";"Jutai";"Luna";"Madera1";"Madera2";"Madera3";"Madera4";"Madera6";"Madre_Dios";"Mamore1";"Mamore2";"Mantaro";"Maranon1";"Maranon3";"Maranon5";"Marmelos";"Maues";"Napo1";"Napo2";"Negro1";"Negro2";"Negro3";"Negro5";"Nhamunda";"Orthon";"Pachitea";"Paru_Este";"Pastaza";"Purus1";"Purus2";"Purus3";"Putumayo";"Roosevelt";"Santiago";"Solimoes1";"Solimoes2";"Solimoes3";"Solimoes4";"Solimoes7";"Solimoes8";"Solimoes9";"Tapajos1";"Tapajos2";"Tapaua";"Tefe";"Teles_Pires";"Tigre";"Trombetas1";"Uatuma1";"Uaupes";"Ucayali1";"Ucayali2";"Unini";"Urubamba";"Xingu1";"Xingu3";"Xingu4";"Xingu6";"Yacuma"
"Abuna";0;0.0596804039162207;0.0699269474404446;0.065010284303404;0.0658424485253989;0.0646706991016136;0.0599005257483475;0.0524316381434077;0.0442311917785723;0.0566396610257204;0.0736504592432486;0.0626383477356452;0.0714432944494031;0.0592962741923614;0.0665870416576481;0.0558740015549307;0.0603596026972253;0.0599706265711884;0.0652391804222863;0.0600888591704182;0.0670814600519486;0.0563368174174723;0.058255321414182;0.0540499995701786;0.0530301113716911;0.0523332311582886;0.0710874419060644;0.0509770485424189;0.057745186648607;0.0634728180874798;0.0605890986063713;0.0587066251451488;0.0726666068111496;0.0562084269742034;0.0497551630274026;0.065355041221662;0.0691769259681999;0.070111497627738;0.0520308805244672;0.0674106640313369;0.0666048845633625;0.067559541691911;0.0714609379992977;0.0677247483826796;0.0778734557345119;0.0677629677099141;0.0752725192917873;0.0722693111087931;0.058252667357432;0.034846066190109;0.0580003588798963;0.0606521238503795;0.0642113981337074;0.0575446068599;0.0552729312916337;0.0609013406848364;0.0627724014295989;0.0709082898328612;0.0647804544259788;0.0723071208096804;0.0642038055555112;0.0589780689061641;0.0615652268797682;0.0671743778044198;0.0475457028957472;0.0627504420254029;0.0751694807180589;0.0607715282511614;0.0554778005800807;0.0674481775344986;0.048811251787549;0.0643044477311727;0.0743432442680072;0.0536695198277009;0.0627264455013329;0.069231572235261;0.0628927645148793;0.0684513123779943;0.0685043586660532;0.0677446650184239;0.0626876582463;0.0547678321216493;0.0668822667687346;0.0572348085040003;0.0620172349182097;0.063689780949626;0.0653806560488051;0.0561250906782085;0.0595087636923983;0.064424026823453;0.0574742519051073;0.0624710174816815;0.0652615049237968;0.056813186070571;0.0663688002580904;0.068806990190446;0.059040609478575
"Amazon1";0.0596804039162207;0;0.0576898655007791;0.0563458776457263;0.0595742061058531;0.0512657131436947;0.0632299512565971;0.0491002814464408;0.049860970267931;0.0570822593659552;0.0571906123097318;0.0562730019858117;0.0597744569812936;0.047949910040085;0.0602936753347498;0.0546253236990085;0.0534346652476757;0.0600891367141923;0.0644299481264016;0.0544222638997773;0.0621945401675156;0.0687517293647989;0.051592667221927;0.0437601987628735;0.0524341032687112;0.0509501747704724;0.0587311258571882;0.0533699174009477;0.0611390035915234;0.0571933717394955;0.0513784596139836;0.0542961547627493;0.0518504604773114;0.0435919262011805;0.0550182890073792;0.0567720966002846;0.0601247338017892;0.0566909976519663;0.0544364646760479;0.0530995276189714;0.0555398151269193;0.0523673730235526;0.0523649052721709;0.0530039554744626;0.0603377108405885;0.0501620983228949;0.0583082589934961;0.0550079140423558;0.0491721930944346;0.0350506996050537;0.0415580012160412;0.0635259811975502;0.0516594920864216;0.0486253193156737;0.050794330582662;0.0568522136759902;0.0626161353455497;0.0580243600316576;0.0563072707168803;0.0613840285537135;0.0583942388905226;0.0527874614683776;0.0558914332458444;0.0615375585470734;0.0489161242486853;0.0626698269092153;0.0571089057415747;0.0533104114511231;0.0567217025578383;0.0582466644503396;0.0554361723188059;0.0558918508558192;0.0554751970297344;0.0457770268181917;0.0515349467709822;0.0476487373146426;0.0592052172501467;0.0627035446388206;0.0560459004397341;0.0570820965511354;0.0538294712307327;0.0551974523493796;0.0541415989580641;0.0584111743491382;0.0549412267848988;0.0534846916458331;0.0567566955211526;0.0544094291930015;0.0548842961274778;0.0642725485407352;0.0551186665429055;0.0635720326915732;0.0605054639769765;0.0547093221836869;0.0640553786150528;0.0638166055312945;0.0555400194099012
"Amazon2";0.0699269474404446;0.0576898655007791;0;0.0692542316997587;0.0725089814424937;0.0494745834177001;0.0745082112488809;0.0713705884800075;0.0483479413531385;0.0628065686737693;0.0602188297363431;0.0742242278541176;0.0820631809133864;0.0640772474451008;0.0635856450758323;0.0634293230940962;0.0579909262086428;0.078149707399264;0.0822955784282209;0.0620302657005173;0.0694452372780834;0.0691712440736385;0.0679429221465533;0.0681255940454764;0.0655539773825852;0.0667723858437143;0.0742474899053873;0.0518139481286495;0.0735603384694766;0.0760923936625442;0.0818858543236495;0.0769915685090827;0.068335156840889;0.0557347325662943;0.0726848009992673;0.0666276762917622;0.0706607573255705;0.0692642505498597;0.0665112886056397;0.080666470476934;0.0646364817920748;0.0580903439214091;0.0704362815464915;0.068001744824103;0.0692896231420302;0.0728427404735115;0.07591251029868;0.0648351254361165;0.0661624662030592;0.0339838180770523;0.0568759664093536;0.0755491977897957;0.0624409658799964;0.0715065735673334;0.0588794212418466;0.0718226082660011;0.0652797260946932;0.0706439877391323;0.0598771924458723;0.0647519654031111;0.0630363995636193;0.0648365086943634;0.0716225471625417;0.0720361866424009;0.0493545467947927;0.0786217671428041;0.0696098634266735;0.0787437763519616;0.0680874713622004;0.0707175507204637;0.0581150456166761;0.078782599551179;0.0712134324960588;0.0701747081849885;0.0664720000274837;0.0724101250149146;0.0718294704749154;0.0719881734071309;0.0725966619444797;0.0741439007187558;0.0587508827833729;0.0607391707205558;0.0662832148993808;0.0556991138210039;0.0734282893945174;0.0584483330092033;0.0629429113056;0.0668278407157297;0.0610386778828659;0.0798233465412677;0.0612757723813149;0.0819750060308923;0.068218108237814;0.0699416834540859;0.072980921058456;0.0761498757530013;0.0772215218885095
"Amazon5";0.065010284303404;0.0563458776457263;0.0692542316997587;0;0.0665857563149891;0.0688139230031631;0.0730254413744177;0.0671040959672703;0.0473681977045758;0.0577760681731716;0.071045205750986;0.0667433776890781;0.0856666077814408;0.0744241503548657;0.0723343655087631;0.077023952754349;0.0649885651615303;0.0780602182546477;0.0846659999262915;0.057975007674796;0.0800687154620852;0.0651511634301518;0.0622070507281675;0.0724591527771785;0.0639306952179966;0.0615493600833722;0.082635610461237;0.0569776093209654;0.0795579545763265;0.0758964238379953;0.0755806352279247;0.0782816215038892;0.0712369343235026;0.0607944483818058;0.0755490096941981;0.0626162524642562;0.0836426019065324;0.0664060399702136;0.0650505888965485;0.0771644547767527;0.067687754883548;0.075345846441965;0.0765577119834032;0.0757025065474316;0.0857558579596181;0.0778695065600686;0.0730415886716196;0.0658393002216798;0.0707792705739735;0.03356035681738;0.0651289045096135;0.0754442096501068;0.0609372223081782;0.070208934986849;0.0572866801604403;0.073458473375853;0.0647662585232415;0.0672260282929836;0.0618276070961619;0.0695346570835257;0.0794056174301264;0.0658225836165548;0.082115754579089;0.0733931940384357;0.0485955519443823;0.0721161898258923;0.0704118185233265;0.0799069210697756;0.0717096934954464;0.0757215160064887;0.0568694248338914;0.082542557631725;0.0724808379582298;0.0711948328326742;0.0671241716126895;0.0765860248238292;0.0807795424753208;0.0785908161380798;0.0812587009618571;0.0643744308927482;0.0607360373326753;0.0584085167540543;0.0697877432995082;0.0626131714927865;0.079134928413191;0.0596503271473708;0.0681633940891882;0.0654575982117807;0.067318769388592;0.0762085073941778;0.0629184456940969;0.0797759128846011;0.100174284513111;0.0670224381058093;0.0651440270231975;0.0767315634212752;0.0716484773659552
"Amazon8";0.0658424485253989;0.0595742061058531;0.0725089814424937;0.0665857563149891;0;0.057957280922446;0.0730029731131152;0.0657923381417919;0.0472899569084139;0.0639367053318954;0.0673656296691215;0.068418444963203;0.0712642685922809;0.0649933866258793;0.0748384296482588;0.0765185267564171;0.0623918418888375;0.0788490756269396;0.0857691270105039;0.0630322419041827;0.074473024761629;0.0661431633473854;0.070373591849189;0.0613770355838327;0.063826544067469;0.0693914389816606;0.091146939437004;0.0529680661741322;0.0790722382468344;0.0759458088462814;0.0746614811569288;0.0784864886252286;0.06241426362007;0.055801807402214;0.0724411944243295;0.0741368472246216;0.0689552053536129;0.0579373334477221;0.0691718251970707;0.0755013410366743;0.0532789684777425;0.0698373730930609;0.0695033162997354;0.0740582783882005;0.0790282804180777;0.0664755050860004;0.0782219820516868;0.0656773469328171;0.0717137538500332;0.0340896426458152;0.0660680948295079;0.0834661339432607;0.0521455674291037;0.0687422426744904;0.0575464436831628;0.0674768045868759;0.0763772399421549;0.0678860136702789;0.0732465455007752;0.0765000558241644;0.0707144460853226;0.0697995084493674;0.0753099132481805;0.067346888175431;0.0488907579299204;0.0736018619294362;0.0654112923962329;0.0808988533330941;0.0783426951893431;0.0780243289323967;0.0557867010549212;0.0747353657583302;0.066353532571043;0.0753732882356488;0.0628198695233358;0.0676807594082205;0.0774287302140039;0.0694017357717472;0.0664953942544695;0.0728678376608661;0.0615952806121818;0.0569270781934082;0.0635852363153284;0.0638155174777017;0.0820130701142598;0.0549416088004881;0.0691509163547598;0.0559065972006013;0.0943418038682372;0.0777762630574339;0.0589637228025031;0.0844099658082767;0.0642513167925868;0.0650288836853323;0.0625105925086522;0.0782517060887428;0.0712910523983955
"Amazon9";0.0646706991016136;0.0512657131436947;0.0494745834177001;0.0688139230031631;0.057957280922446;0;0.0621943514934516;0.0652841042009228;0.0480154635946621;0.0600259586431237;0.0657961080478405;0.0694544696400041;0.0777986813284521;0.0605871136508695;0.070009789726172;0.0720303552190888;0.0637617163357007;0.078866285156614;0.0856720485104683;0.0629183121399503;0.0741730022293828;0.0632269730061203;0.0640589143616927;0.0682578344779524;0.062279389473705;0.0642806077278324;0.0798470146557069;0.0524211304797641;0.0763168718788021;0.0738587524747927;0.0720671093829743;0.0743829129069573;0.0579525493436043;0.0580148116432457;0.0678145422373035;0.0723759747646926;0.0753754377659572;0.0621701978179968;0.0652274433388866;0.0692282303966507;0.0651937556048304;0.0637600267581555;0.0659810586948124;0.0630439415089429;0.0759470775234509;0.0627902315132777;0.0787141450863806;0.0671203002633486;0.0636439467502372;0.0334197424524903;0.0625208222320921;0.0753544946275544;0.0632370585473363;0.0671764746988501;0.0597867937619537;0.0695726972323129;0.0679498016586777;0.0653985839316281;0.0672356252382135;0.0769875237481539;0.0713427277685296;0.064093105319194;0.0751064131134135;0.0746604930769045;0.0475588719916837;0.0588552973382473;0.0744863202334189;0.0683528928157093;0.0708948626156197;0.0649608259379992;0.0519781622024015;0.0769471411456882;0.057286088107182;0.0678413841460049;0.054642532304837;0.0628915294486233;0.0697130177496165;0.0716200899752406;0.0734854258821201;0.065957930251237;0.0591414005428219;0.0538075822683565;0.0656291371911464;0.0673303466784146;0.0782679227185581;0.0552678957240959;0.0569272041076726;0.0648745934445675;0.0609494192524094;0.0747575466982039;0.0576978738315902;0.0773589191228312;0.0658848310934819;0.0682868333166312;0.0674143271399621;0.0713525194507479;0.0688019306198818
"Andira1";0.0599005257483475;0.0632299512565971;0.0745082112488809;0.0730254413744177;0.0730029731131152;0.0621943514934516;0;0.0489969600531185;0.0419931049545726;0.0522365138481988;0.0661734181113542;0.0609665341268589;0.0714117439718731;0.0585121612585794;0.075281353921711;0.0667459402238899;0.0622876975955748;0.0591155286305466;0.0770827301467087;0.0624381181778785;0.0727150939745601;0.0597891879537532;0.0570003639951939;0.0550145278214742;0.0502372739658477;0.0555624561950547;0.0787430689780655;0.0537561243146182;0.0689730504481553;0.0673612828259183;0.0570557175843963;0.0633274614615816;0.0716115920063051;0.0567546627998251;0.0583373682371891;0.0710075214850659;0.0713853742656766;0.0771080678491033;0.0601481658570181;0.069538560842156;0.0737863457267663;0.0665028710359697;0.0642558785467445;0.0715221434323612;0.0811797835818722;0.0718183976114934;0.0725636275427131;0.0721441270543529;0.0634166588217425;0.0334391663674355;0.0586779901125899;0.0678460278195062;0.0640589483497341;0.0546092712467561;0.0466281636274981;0.0598494122106156;0.0757002408364536;0.0772304573492158;0.078097138785923;0.0657458222307541;0.0636444279914337;0.0568266690025302;0.0543003245611747;0.0621109451070944;0.0441404788502716;0.0646789201588993;0.0756670681381387;0.0587275907971274;0.0627263979351499;0.0764085609627115;0.0499275673117366;0.064463297974402;0.0723153589877017;0.0713146210569306;0.0700409001536227;0.0775552815278583;0.0719478401842603;0.0729959806944035;0.0728444021962051;0.0692530938884155;0.0556906843274872;0.0539229238003719;0.0694881322680457;0.0627833326905939;0.0556851945781217;0.0678424258337852;0.0548044209133749;0.0584217101034831;0.0621930692536619;0.0704080193936168;0.0590208101398737;0.0718810768442891;0.0735754433369177;0.0548072660464134;0.0555696133573586;0.0655906441217444;0.0561470008625957
"Apaporis";0.0524316381434077;0.0491002814464408;0.0713705884800075;0.0671040959672703;0.0657923381417919;0.0652841042009228;0.0489969600531185;0;0.0448469615221548;0.0377828844231712;0.0617385687993392;0.0506253018519175;0.0649919991274053;0.0594137389943857;0.0699471481190805;0.0655335808309032;0.0529466683185024;0.0699916176552715;0.0615997945803419;0.0551313054853254;0.0731048704604023;0.0501268070154656;0.0505512654674772;0.04803638993803;0.0510559997298002;0.0528492668328202;0.0742105911602811;0.0522252750208657;0.0550010906913979;0.0581913949043484;0.059212887366538;0.0599455799812586;0.071626395028693;0.0555883693116714;0.0451984222505099;0.0669932198126187;0.0700127899878604;0.0737268727935036;0.0533404994709713;0.0706160652164969;0.0709939218393648;0.0705229554350757;0.0688178641606949;0.063924092364127;0.0782517287316254;0.060723306579739;0.0767252897711613;0.068426375283413;0.0670804811567829;0.0354588591321354;0.0603898870899511;0.0683203920758008;0.0680892402791914;0.0535185382722485;0.0528439321896758;0.0627195012117862;0.0738552419921717;0.0717349176703619;0.0649144467056285;0.0669427040741254;0.0544535915705097;0.0571307006635297;0.0641953738616108;0.0671331434667016;0.0467807478103231;0.0749696853933209;0.0688852059612496;0.05835435313364;0.0679221170237046;0.0672227680680865;0.0499543188118486;0.065167516913682;0.0708541714197332;0.0609463255286829;0.0560630420679726;0.0752565356060898;0.0591501753075557;0.0681071330807568;0.0760242814770244;0.0695893718050885;0.060549114559392;0.0495452435196718;0.0720490318771199;0.0626604865391742;0.0610016888997035;0.0625400913495257;0.0565370571087264;0.0539633384667662;0.0677811374302338;0.0617040542260499;0.0492809057720444;0.0757825767987252;0.0616282601213942;0.0562531342099726;0.0559987557246493;0.0479990738717689;0.0584128658845024
"Apurimac1";0.0442311917785723;0.049860970267931;0.0483479413531385;0.0473681977045758;0.0472899569084139;0.0480154635946621;0.0419931049545726;0.0448469615221548;0;0.042310091636839;0.0473742777448746;0.0470987589746418;0.0461165321579864;0.045435594419241;0.0453990738164269;0.0470146490568829;0.0433703281152371;0.0423960064297833;0.046064363901494;0.0452804806260473;0.0470263732909815;0.0495521721787432;0.0426767569071274;0.0441283538075052;0.044487949560286;0.0427145981092429;0.0462367435579747;0.041915811122528;0.0445835650107392;0.0448963510325664;0.0458352557367742;0.0416350944777143;0.0483668698494742;0.051907764317905;0.0425883412438653;0.0482040426535533;0.0470176025792229;0.0481002314560118;0.0456918224768533;0.0485566939149602;0.0462299533121959;0.0486650112646557;0.0494146740431156;0.0491592448362036;0.0473569940053048;0.0508024858760849;0.0463056175201429;0.0480863835708639;0.0450625756968487;0.0683376124652896;0.0448038370065545;0.046719364484709;0.0430945102129646;0.0451861479817701;0.0437734892951094;0.0453438667087822;0.0444914941091815;0.0482769846612006;0.0482371628835226;0.0443487377956554;0.0447186673405473;0.0464667964323623;0.0479978895070464;0.0423177387300212;0.0569340843725553;0.0446832973220492;0.0476620238492378;0.0445798679299902;0.0447696508516038;0.0450919497983269;0.0464009469968336;0.0460682070783434;0.0475400231562373;0.0507694890507995;0.045597739222232;0.0495328073306272;0.0499939227338453;0.0462239711083824;0.0479650753726482;0.0455840168393353;0.0420749621032789;0.0445892471243291;0.0487345479901347;0.0438429364725588;0.0421049952785883;0.048071177318762;0.0446823505653166;0.0441173497282445;0.0455692537592827;0.0452860929188658;0.0442098686755767;0.0455477953012556;0.0452856222425562;0.0415573917238274;0.0382655419047391;0.0459130843523151;0.0420660217706429
"Arinos";0.0566396610257204;0.0570822593659552;0.0628065686737693;0.0577760681731716;0.0639367053318954;0.0600259586431237;0.0522365138481988;0.0377828844231712;0.042310091636839;0;0.0568968132141349;0.0510483329491764;0.055976630274008;0.054741995972423;0.0585164599963108;0.0584050115652516;0.050412261835678;0.0518144661683085;0.0448346663144683;0.0578440418167768;0.0626025199476327;0.0567770174255176;0.0505584397676848;0.0488978140176023;0.0551460791072907;0.0505313467496781;0.0578212555411616;0.0489320192627425;0.0562494773236282;0.0522503463979027;0.051533734386499;0.0620596582130176;0.0638387998881608;0.0503552989371611;0.0497302287302421;0.0588446027426578;0.0584928693313884;0.0564111339740177;0.0542522934147088;0.0661530525659704;0.0581362274684699;0.0656344412869155;0.0610324062645079;0.0572862733410411;0.0620576487442801;0.0620773218073198;0.0547717641224242;0.0611472485667892;0.0571537863223404;0.0376490159425433;0.0528854261064458;0.0573688247093941;0.0598567703265434;0.0446885662249499;0.0528017585658315;0.0511732131382238;0.059581764602336;0.0608501939379633;0.0623797707993589;0.05656644813101;0.0530140211959095;0.0490850661961774;0.0548151995023977;0.0530981150649351;0.0500443465104542;0.055087106801888;0.0625956032515751;0.0510437183442007;0.0592112026471792;0.0581982553594303;0.0486377832952408;0.0530579224412247;0.065605112008385;0.0609381763437835;0.0517858838734695;0.0624275760311217;0.0591304812071436;0.0560779337966048;0.0629805612797633;0.0594472419567956;0.0556351956860836;0.0480160495397526;0.057806712033299;0.0604513623544674;0.0475641959772643;0.062315928708323;0.053768049328445;0.0417994473425626;0.0543742330080625;0.052463024670679;0.0508232698350029;0.0534407806611401;0.0622007142029069;0.0533331796290065;0.0588282693173777;0.0576495994203202;0.0489320714306367
"Aripuana";0.0736504592432486;0.0571906123097318;0.0602188297363431;0.071045205750986;0.0673656296691215;0.0657961080478405;0.0661734181113542;0.0617385687993392;0.0473742777448746;0.0568968132141349;0;0.0675623091699966;0.0901023747364963;0.0716590341003092;0.066205017903606;0.066470505040846;0.0660168438812908;0.0644534337628494;0.0804165934003001;0.0607191781043475;0.0668112060920726;0.0648221506963222;0.0605564884944149;0.0611508973266921;0.0597086899576912;0.0557491548920314;0.0763136553377236;0.0614542706493274;0.0774442518875801;0.0750247220903951;0.0706840105790483;0.0742160034853162;0.0616721838542413;0.0626636931344495;0.0707456564799432;0.0619020555854993;0.077875679732504;0.063408816723658;0.0616285275871736;0.0714048229068205;0.0534903630917207;0.0760545749422525;0.0786738958751528;0.076624904983649;0.0746717941584825;0.0664012202131609;0.0629344920135427;0.0691461587913124;0.0603063919224407;0.0348838490225406;0.057257916281664;0.0747671270298542;0.0627435491546024;0.067755818399352;0.055676610045993;0.0663079784966581;0.0584816385584171;0.0629024287572615;0.063254760528205;0.0611946420179329;0.0690430551532235;0.0656500809204027;0.0785024089396378;0.0747750094074295;0.048093954828972;0.063855840998392;0.0705016378494145;0.0741541327175121;0.0677323598039572;0.0678909751929046;0.0574067564948705;0.0757580184764942;0.0632103083783701;0.0664978240977513;0.062933310597758;0.068005421623648;0.0766549533742024;0.0750911409181537;0.0728481555202301;0.0695520645148826;0.0573161605999599;0.0574920659412994;0.0644323914869295;0.0653503747128877;0.0737789210519843;0.0625979860800555;0.0639917911266021;0.0631323119373246;0.0631522347478452;0.0755800042040868;0.0522278014332464;0.0743465158764731;0.0717680999939484;0.0683766929400378;0.0635371959483072;0.0700415848261109;0.0664878488478493
"Bacaja";0.0626383477356452;0.0562730019858117;0.0742242278541176;0.0667433776890781;0.068418444963203;0.0694544696400041;0.0609665341268589;0.0506253018519175;0.0470987589746418;0.0510483329491764;0.0675623091699966;0;0.0687164194842365;0.0614361047767627;0.0697323290728281;0.0619577675746658;0.0522371584625932;0.0651487170231757;0.0618552203083514;0.0690598744555662;0.0668942371666282;0.0551478947389994;0.0488828528063659;0.0545391893407997;0.0468072411998879;0.050319689969139;0.069411115400638;0.0612035267444477;0.0642355977420321;0.064021933170302;0.0649192520293306;0.0576399785149871;0.0729855217797074;0.0603107352905179;0.0488359387128906;0.0704052693002358;0.0719896977339895;0.0712292596614302;0.0578416996640951;0.0717766649417084;0.0673871839408341;0.0673028210361668;0.0696185981943915;0.0706349450726287;0.0785441321545339;0.0696934628155871;0.0707715360305895;0.0726009816341257;0.0645194067306148;0.0356294473580104;0.064779237472987;0.070125232211179;0.0672276525567122;0.0586402604593889;0.0513098806563023;0.0566568115871543;0.0686318155288041;0.0747451934300178;0.0643730457651295;0.0647626575201423;0.0587164273465839;0.0567646636617341;0.0702068268620926;0.0664380183401137;0.0493146168072006;0.0593201057305296;0.074005778749401;0.058384687403695;0.0675958875603057;0.0707918828070805;0.0552625744263288;0.0585200101730273;0.0701237492488979;0.066339688576519;0.0643943020777007;0.0721684429001524;0.062209925459417;0.0695297932840936;0.0759365972238113;0.0746274638140887;0.0617150612174461;0.0585988493589865;0.0696071006891036;0.0609828975896324;0.0636771235525823;0.0745761599427201;0.0626552994269633;0.0461642862655977;0.0653163719252599;0.0592836778623541;0.0584843541636277;0.0654127991136673;0.0713486372314218;0.0570340408166808;0.0597721759796253;0.0560742790719308;0.0552893275447371
"Beni";0.0714432944494031;0.0597744569812936;0.0820631809133864;0.0856666077814408;0.0712642685922809;0.0777986813284521;0.0714117439718731;0.0649919991274053;0.0461165321579864;0.055976630274008;0.0901023747364963;0.0687164194842365;0;0.0697031124578255;0.0894884103712766;0.0801287140616686;0.0720654171076177;0.0702097256073677;0.0804010439823218;0.0775004631773975;0.073983485425581;0.0621713990451063;0.0650699657234672;0.0715277194833197;0.0544993324865352;0.0524701941391192;0.0824370738181728;0.053827080606933;0.073817372079326;0.074369312680055;0.072172935142389;0.0683006468897973;0.0744435079238285;0.062439518594906;0.0639449215482601;0.0641012421870263;0.0860674738259439;0.0729705863942407;0.0626602684874661;0.0832027726260108;0.0800547801005918;0.0843908029327329;0.0780731425700728;0.0811468231736581;0.0824531486607973;0.0779084471688668;0.0708008275858309;0.0743553545184648;0.0588694915797598;0.0367758389416764;0.0548570201133612;0.0772340351427227;0.0591245000654762;0.0771491675549809;0.0539816429514974;0.0629040318670953;0.0554065856855208;0.0929618898117556;0.0687179264842928;0.0866810347307411;0.0819808629158687;0.0591663344294117;0.066524613825227;0.0767848500795191;0.049427699209881;0.0712940708925972;0.086526622988407;0.0762346218791752;0.0645038171481156;0.0790793151314985;0.0586060251776811;0.0692384594751961;0.0865766224959938;0.0666216552265295;0.0747330800563273;0.0695237124603651;0.064995567737471;0.0791163973578371;0.077287010281546;0.0882952106059892;0.067322434160162;0.0525710021108742;0.0758465411821056;0.0727213283428512;0.0617710724203263;0.0870640261739702;0.0719830189354018;0.0678480612454224;0.0557145407892674;0.0702466792693847;0.0632289703125398;0.0660899070905619;0.0869023894454199;0.0622335092177957;0.0663072720401038;0.0713509996728099;0.0651667625372683
"Blanco_Baures";0.0592962741923614;0.047949910040085;0.0640772474451008;0.0744241503548657;0.0649933866258793;0.0605871136508695;0.0585121612585794;0.0594137389943857;0.045435594419241;0.054741995972423;0.0716590341003092;0.0614361047767627;0.0697031124578255;0;0.073855333195811;0.0761917455395169;0.0579876688344327;0.0726260044498934;0.063796459872748;0.0578746319169235;0.0779451124297944;0.0611383782226208;0.0659144695408362;0.0614575132193507;0.0538287061286154;0.0505634666823387;0.0669775953717712;0.057611492446741;0.0703612654022711;0.061071748782551;0.0725998499732402;0.0707117497332681;0.0745393814290183;0.0604596518628803;0.0596052010246886;0.0599509685109859;0.0722634935336355;0.0666078091694955;0.0563774209872132;0.0579375114826178;0.0711267334293344;0.0695810291310966;0.0654656072041985;0.0642462687377885;0.0856737140257292;0.0608913875269057;0.0734250022063507;0.075037387836804;0.0621807288803769;0.0351408693008455;0.0547621134482054;0.0657681814555787;0.0681062045026103;0.0631374414889224;0.0584177836782268;0.0616030604381888;0.0611880931671697;0.0790636872220587;0.0664911942604306;0.07747231817217;0.0721101460438186;0.0563643068910145;0.0643877905835713;0.0751629919378465;0.0471534320245652;0.0596683006470382;0.0713918636824006;0.0679515670025526;0.0642821624364468;0.071211272012849;0.0513436435238997;0.0680804011077189;0.0687466874827355;0.0623875997890605;0.0645456675969894;0.0681496126544784;0.069423641218979;0.0743414958426182;0.0679473844929049;0.0765784951375982;0.0572618395663451;0.0550328098283157;0.0667494871395041;0.0578123186899197;0.0649185812575954;0.0610250871497398;0.0655523476022855;0.0505781783402302;0.0637671978709961;0.0722399818284444;0.0626512902942952;0.0734327973700089;0.0715957555211013;0.0536089174700497;0.0594822495051885;0.0663936540172639;0.0623090512415786
"Branco";0.0665870416576481;0.0602936753347498;0.0635856450758323;0.0723343655087631;0.0748384296482588;0.070009789726172;0.075281353921711;0.0699471481190805;0.0453990738164269;0.0585164599963108;0.066205017903606;0.0697323290728281;0.0894884103712766;0.073855333195811;0;0.0769329859380611;0.0742932065404896;0.0720172006186156;0.0835426270466793;0.0643991235058601;0.0775858092494081;0.0622475787712259;0.0658368007310224;0.0704541375640967;0.0651443600632266;0.0607776234518249;0.0778633713096704;0.0527147669081098;0.0885150366045214;0.0798346752299576;0.0725529398436225;0.0819684340841132;0.0702882962415882;0.0642641087096468;0.0680755971517265;0.0650198819820711;0.0766608422107303;0.072671591252014;0.0685466717958569;0.0788457645516877;0.0662541134312787;0.0778734276104966;0.0797758038320182;0.0752889114712119;0.075725846935304;0.0740589574304451;0.0712465079636952;0.0732117833983683;0.0697273028202676;0.0339554421480608;0.0638169714131671;0.078328752116648;0.058046481647917;0.0723757780284829;0.0607881694915321;0.0717203055361145;0.070834135383995;0.0637739791274271;0.0763619360389799;0.0781804188806619;0.0816792189319926;0.0633733165175066;0.0848469542233569;0.0781008373236417;0.0473751269979459;0.0688554553319267;0.0684494578321161;0.0801527847532467;0.0671947535162183;0.0753826295667181;0.0573963809557253;0.0796653648906605;0.0690538652626153;0.0781884647880974;0.0669971756550717;0.0743638153940864;0.0808408475427954;0.0702089188041505;0.0710346466033755;0.0729724325759136;0.0560793071201008;0.0592324318934073;0.0733890115381302;0.0638441144975931;0.0756822044496916;0.0620471045104415;0.063007342645511;0.0652549248033267;0.0705403963111007;0.0764525035226586;0.061337997116681;0.0859632674698636;0.075317778783681;0.0708336452331761;0.0647653800478672;0.0752923979106083;0.0697155265562214
"Candeias";0.0558740015549307;0.0546253236990085;0.0634293230940962;0.077023952754349;0.0765185267564171;0.0720303552190888;0.0667459402238899;0.0655335808309032;0.0470146490568829;0.0584050115652516;0.066470505040846;0.0619577675746658;0.0801287140616686;0.0761917455395169;0.0769329859380611;0;0.064853039718324;0.0709244201032238;0.0792321332479167;0.0648255347060792;0.0711269193560213;0.0671458629329648;0.0733266174506666;0.0640021735196101;0.063985338159968;0.0655678170217841;0.0831847221441693;0.0617167208990693;0.0740173324204629;0.0717040685777066;0.0735432209685074;0.0761496290785402;0.0736856553072191;0.0600024592398491;0.0692877283653553;0.0643984339139088;0.0765522735214441;0.0586543392523355;0.0639986000610906;0.0735228932645941;0.0701927277154554;0.0700465843483311;0.0783110922107377;0.0713254873737506;0.0754697562793041;0.0706393997827141;0.0783191348645574;0.0727285289242007;0.0688887803383137;0.0351886836715589;0.061385292303528;0.0748341377233056;0.0641543471566706;0.0731062889453324;0.0594823408540318;0.070271398603522;0.0712142634296354;0.0789231855061012;0.0722508235337037;0.0819810839429518;0.0721466751219034;0.0670005376389715;0.078417584533299;0.0731854312027053;0.0505482835239959;0.0586175341811399;0.0707132125326385;0.0658274215910163;0.0791158292713385;0.0684438538519893;0.05721523853017;0.0694287640389802;0.0637269152816954;0.0754099665205174;0.0676714302296932;0.0712246754886014;0.0714669466399618;0.0718227677289616;0.0703233430587975;0.0829371713969434;0.0607941698432902;0.0619158278239245;0.0620702232437128;0.0709372018034292;0.0777898571044072;0.0638435916466211;0.0684488557262541;0.0561575997368097;0.0684259192205198;0.0808677011587271;0.0634043793246508;0.0831642840920645;0.0763672271637214;0.064367498672532;0.0665152479558153;0.0766828578321698;0.0763172269445302
"Canuma";0.0603596026972253;0.0534346652476757;0.0579909262086428;0.0649885651615303;0.0623918418888375;0.0637617163357007;0.0622876975955748;0.0529466683185024;0.0433703281152371;0.050412261835678;0.0660168438812908;0.0522371584625932;0.0720654171076177;0.0579876688344327;0.0742932065404896;0.064853039718324;0;0.0698604662092097;0.0644851940412956;0.0618058013547788;0.071752948493892;0.0595087175994165;0.0509326516050718;0.0571260402270809;0.0504551797668429;0.0599775036003621;0.0772551316651911;0.0555779342045704;0.0627738516183207;0.0625198319441559;0.0575059597458325;0.059420710985051;0.0590927665775347;0.0475127118661441;0.0537749283399954;0.0667244688039005;0.0689292745812331;0.0664389868126134;0.0582283823117807;0.0586600123366024;0.0640679283614831;0.0695774572255873;0.0699807767563802;0.0716331223747304;0.0785309535241192;0.0654124838583898;0.0708359388224182;0.0705939338916584;0.0652888318766691;0.0349140120408421;0.0537091084311791;0.0697974716280934;0.0540209390782896;0.0611097391014122;0.0553401166687217;0.053783440873643;0.0746079565147736;0.0689099840544455;0.0704679301285831;0.0686287369166769;0.0701880943384558;0.0529130723306951;0.0710496840974588;0.0670336063258154;0.0507779044512019;0.0595026218507326;0.0593436669183647;0.0660976246454791;0.0639986256547139;0.0715295775315911;0.0481382201813616;0.0714820436728831;0.0686269015110774;0.0566346756485784;0.0557432760162296;0.0568470235705627;0.0639019194131891;0.0656653888727622;0.0727819434737167;0.0707295826786211;0.0543830315774354;0.0535141832069428;0.0644071423397777;0.059674260474423;0.0675296334096132;0.0641700699502678;0.0523385317544419;0.0590495585608744;0.0650752777078974;0.0599632940322967;0.0490005698763649;0.0715503006923114;0.0653302404902948;0.0571348878848902;0.0590756166281252;0.0597811597572649;0.0575585955262926
"Caqueta1";0.0599706265711884;0.0600891367141923;0.078149707399264;0.0780602182546477;0.0788490756269396;0.078866285156614;0.0591155286305466;0.0699916176552715;0.0423960064297833;0.0518144661683085;0.0644534337628494;0.0651487170231757;0.0702097256073677;0.0726260044498934;0.0720172006186156;0.0709244201032238;0.0698604662092097;0;0.0724075875779395;0.0720581121687936;0.0800344325186427;0.059834762271651;0.0663306349691441;0.0692520130194061;0.0586240372750617;0.0554990820838658;0.0829497551712089;0.0502923870484176;0.0702167652141593;0.0780525988362928;0.0705972296410709;0.0706536315218827;0.0754907873295445;0.0678770652636193;0.0625840646196957;0.0698434126370679;0.0725577932404154;0.0641649298754953;0.0588386871002916;0.0895013169000034;0.0684538635597744;0.068405286421465;0.0739214838040485;0.06415808804706;0.0837447159506329;0.0695776979959334;0.068125495372685;0.0659084891664437;0.0686540177717821;0.0351395827644962;0.0607782713254574;0.0658502528732678;0.0606667966963378;0.0659824153942034;0.0631434165746019;0.0675504182114819;0.0678535995934737;0.0807752871747653;0.0662010849488516;0.0817075835056618;0.0720329209131332;0.0658897916221735;0.0831599830381021;0.0677984056694747;0.0487412331020701;0.0572729728885043;0.085917054988254;0.0799362275321673;0.0664794701162361;0.0842734173629388;0.0585577236701729;0.0649837508337267;0.0764351579197049;0.0786300300458034;0.070431012729571;0.0833097464662576;0.0760603105041416;0.0695395399589944;0.0773613853281278;0.0822300517075372;0.0604697826795851;0.0580752048916837;0.07668744927659;0.0662775485601092;0.0701808364870865;0.0764341345363694;0.0693613210772251;0.0527381548174785;0.0670103568821994;0.0714931940267196;0.0653013590288105;0.0752664158799989;0.0748851121595758;0.0621702015757581;0.0633198551200691;0.0662619378469559;0.0793079618987398
"Chapare";0.0652391804222863;0.0644299481264016;0.0822955784282209;0.0846659999262915;0.0857691270105039;0.0856720485104683;0.0770827301467087;0.0615997945803419;0.046064363901494;0.0448346663144683;0.0804165934003001;0.0618552203083514;0.0804010439823218;0.063796459872748;0.0835426270466793;0.0792321332479167;0.0644851940412956;0.0724075875779395;0;0.0666966554583855;0.0735729697018434;0.0592608826478502;0.0662587367256614;0.0580832894329892;0.049033229048946;0.0553812001077605;0.0822759816594383;0.0517864919415144;0.0689792237883034;0.0711361560655649;0.0773392533077716;0.072795155926405;0.0830703130245732;0.0644252703088764;0.0604852837268985;0.0784423670150567;0.0795745453182551;0.0810406717811041;0.0689455692913;0.0736054587872514;0.0855436820936651;0.0789784711013289;0.0769348181222278;0.0749709936417109;0.0889479779406837;0.0708454143414249;0.0768002009648331;0.081712720148933;0.061089402396365;0.0378774775826749;0.0562542230629362;0.0590328938800334;0.0599861795556803;0.0677510159235759;0.0627667005382163;0.0599064796056852;0.0673653585593552;0.08665079903054;0.0794290949234121;0.0775249675516712;0.0802930440716796;0.0664991512289865;0.0700365436479142;0.0530339276192753;0.0519495273556488;0.0564561055493992;0.0908649267761423;0.0736220654334746;0.0584578276573723;0.0848608051009041;0.054411728938216;0.0510547239711159;0.0829929660675563;0.0730843663735188;0.0796548922417959;0.0752363229023925;0.0706127377672085;0.0842588437288364;0.0797328167328367;0.080664393613889;0.0657281222667288;0.0579514851169273;0.0875814237404413;0.0597323495878071;0.0702092146115115;0.0801085662817542;0.0738321623410077;0.070065940791782;0.0739405480569218;0.0556448007457861;0.0745076021161545;0.0513346129591256;0.0819655915477891;0.0637921156690413;0.0684528796120244;0.0632397354586874;0.0588226361917659
"Coari";0.0600888591704182;0.0544222638997773;0.0620302657005173;0.057975007674796;0.0630322419041827;0.0629183121399503;0.0624381181778785;0.0551313054853254;0.0452804806260473;0.0578440418167768;0.0607191781043475;0.0690598744555662;0.0775004631773975;0.0578746319169235;0.0643991235058601;0.0648255347060792;0.0618058013547788;0.0720581121687936;0.0666966554583855;0;0.0715367878845241;0.0578525235087819;0.061513120210946;0.0598212841002713;0.0569400728980581;0.0595315210767364;0.0712487993372674;0.0596175509678575;0.0666894217358097;0.068048265161808;0.0659337650463424;0.0615261653700818;0.0622691354958324;0.0530614943475308;0.0552148419828221;0.0669165507531391;0.0690359855995832;0.0654511932061092;0.0653001847448648;0.0657651339990585;0.0578788265436504;0.0627393160597812;0.0628272359057378;0.0619639704648336;0.0712178101411592;0.0648167626970245;0.0723621313857366;0.0690975530846818;0.0555717301948778;0.0346050586891457;0.0597441763427934;0.0708552466214528;0.0534460262597727;0.0564042356297322;0.0514310784369218;0.0624266245944809;0.0701068295590312;0.0684573499298425;0.0646624908472585;0.0739123353899115;0.0694983652354442;0.0591714324618334;0.0692937328793222;0.0701303746252893;0.0471822821396481;0.0622913788846816;0.0666145029694089;0.0650253423797881;0.0628692494374014;0.0681855754370865;0.0495798929088096;0.0607157286960847;0.0669915061996248;0.0704921895952905;0.0647876293993432;0.059097165565206;0.0704531643771944;0.0699285903992487;0.0690197881730234;0.0708010968818676;0.0573915573009281;0.0499465690106341;0.0588502665034417;0.0716698813226497;0.0635526300455222;0.0643106326320338;0.0618327063490631;0.0673157893421845;0.0638365066973594;0.0676224739172672;0.0459824680624364;0.0721253648414834;0.0623471192410226;0.0538872414017167;0.068767828284612;0.0573870621976088;0.0681517211540817
"Curaray";0.0670814600519486;0.0621945401675156;0.0694452372780834;0.0800687154620852;0.074473024761629;0.0741730022293828;0.0727150939745601;0.0731048704604023;0.0470263732909815;0.0626025199476327;0.0668112060920726;0.0668942371666282;0.073983485425581;0.0779451124297944;0.0775858092494081;0.0711269193560213;0.071752948493892;0.0800344325186427;0.0735729697018434;0.0715367878845241;0;0.06815593448428;0.0765002429665208;0.0665652966484523;0.062187515438033;0.0558934844310285;0.0767685682389869;0.0563188927800217;0.0721919278424808;0.0773888543817275;0.0736356927740888;0.0810454920838935;0.0699751724636249;0.0723053179376596;0.0714267504044147;0.0666750263512546;0.0779718580688486;0.0646478981925256;0.0608424792741431;0.0875544020778571;0.0671292219529485;0.0816911142457655;0.072599608440824;0.0727872360806053;0.0693404527730421;0.0665096038137916;0.0785827227173053;0.0684470464188726;0.0649241597281475;0.0346486807840837;0.066395745177096;0.0740382986096905;0.0601859506583129;0.0758091694291504;0.0608972457647775;0.0817428966312715;0.0597755889441481;0.0884018956357522;0.0775323094399935;0.0961206413423804;0.0811085856226014;0.0693312794984618;0.0707574715124452;0.0733939411040889;0.0513602741509422;0.071817871861095;0.0764657525635885;0.0757269529400292;0.0604236018341358;0.0750170489763767;0.0585827690076081;0.0801173158134026;0.07791914841214;0.076033170076661;0.0717352188678713;0.0750307725470912;0.0806682970872451;0.0773886454815551;0.0623555983430603;0.08047576726593;0.0652864333981323;0.0572784741254258;0.0699223402408403;0.0676962809091416;0.0737808545445371;0.0735009287838951;0.0778034638625828;0.0696019501499387;0.0633240826795902;0.0746695246395801;0.068235749100571;0.0758466474469102;0.0816572914091667;0.0630229652324519;0.0678885722989208;0.0767546748462465;0.0789988371438128
