"","Abuna","Amazon1","Amazon2","Amazon5","Amazon8","Amazon9","Andira1","Apaporis","Apurimac1","Arinos","Aripuana","Bacaja","Beni","Blanco_Baures","Branco","Candeias","Canuma","Caqueta1","Chapare","Coari","Curaray","Curua","Curua_Una","Demini","Fresco","Grande","Guapore","Huallaga","Iriri","Isiboro","Itonamas","Jamanxim","Japura1","Jari","Jatapu","Javary1","Jiparana","Jurua1","Juruena1","Jutai","Luna","Madera1","Madera2","Madera3","Madera4","Madera6","Madre_Dios","Mamore1","Mamore2","Mantaro","Maranon1","Maranon3","Maranon5","Marmelos","Maues","Napo1","Napo2","Negro1","Negro2","Negro3","Negro5","Nhamunda","Orthon","Pachitea","Paru_Este","Pastaza","Purus1","Purus2","Purus3","Putumayo","Roosevelt","Santiago","Solimoes1","Solimoes2","Solimoes3","Solimoes4","Solimoes7","Solimoes8","Solimoes9","Tapajos1","Tapajos2","Tapaua","Tefe","Teles_Pires","Tigre","Trombetas1","Uatuma1","Uaupes","Ucayali1","Ucayali2","Unini","Urubamba","Xingu1","Xingu3","Xingu4","Xingu6","Yacuma"
"Abuna",0,0.011711597962827,0.00896428852641314,0.00832311321425436,0.00856723297830531,0.00728943405507941,0.0117390355278313,0.0102690671263048,0.0340184074382865,0.0136136608969131,0.00819866707068739,0.0100570620374499,0.00741539339526587,0.00965962394353592,0.00849454514668377,0.00767438743661374,0.00940348775921186,0.00871174166941663,0.0077649969501093,0.0100908362918037,0.00947116041215862,0.0128482649142954,0.0114107855550458,0.0112987393247728,0.0140113467424166,0.010946130744638,0.00530523893762289,0.00979946129729337,0.0113760952119166,0.00923999610804135,0.00849994812762787,0.0104389990531136,0.00916067743707236,0.00915554528575199,0.0120023582812074,0.00846008156939759,0.00579086535942141,0.0095775255021699,0.0108203009693582,0.0104658864582707,0.00925676681876816,0.0088361091483701,0.00869604267875102,0.00963600657867462,0.00440870207686656,0.00703591784221252,0.00733424168195357,0.00723360733462373,0.00755201595859296,0.0363926759477983,0.0103925366115126,0.0113762314296113,0.0126061920038454,0.00977399079066194,0.012489685813478,0.00976885870994936,0.00967517648089183,0.00802435363799204,0.0117403451706554,0.0087445117276833,0.0111059287940148,0.0119455498531579,0.00916593487939693,0.0122828265439242,0.0233480092189519,0.010339695448954,0.0087156959916116,0.0104275519554858,0.0086858348602793,0.00918873989424752,0.0114086547900867,0.0138199803540557,0.00839283409650403,0.0104978240171528,0.0109538895938299,0.0098085041113796,0.0110629614064059,0.00700118379459437,0.00851922628427952,0.00896144070985424,0.0107337379457325,0.0135172714056661,0.00979767544743238,0.0104843359151607,0.00866302726224751,0.00884863446418412,0.0111765307742058,0.0104220731046833,0.00897099001062882,0.0177368591028869,0.0114741031266236,0.0108413695218526,0.00818545854858858,0.0112786680924709,0.0138070018594418,0.0100589202982856,0.00956664823564208
"Amazon1",0.011711597962827,0,0.00756834693728108,0.0067668232323777,0.00814058526990675,0.00830886821219708,0.0137260624426618,0.0101517477415392,0.0351335260549285,0.0128619300694823,0.0103634895957498,0.0101991074472284,0.0100914972931142,0.0107628291232196,0.0082742993281274,0.00820777604814448,0.0112672622829482,0.0100569816181332,0.00928001570585116,0.0119656185364603,0.0102719447121579,0.0160552529425597,0.011569289541492,0.0117751389437182,0.012951917813852,0.0115841429264495,0.00960401919968842,0.0107769122890897,0.0126898141875829,0.0109225577548336,0.0101914452443104,0.0101971135421783,0.00840514939957334,0.00877019411647996,0.0127326806366917,0.00924075119406749,0.0100101868085488,0.0095859938476923,0.0109761469653991,0.0103306373354344,0.00937371871540687,0.00933422747634772,0.0109605511658566,0.0103751510087759,0.00868250803149678,0.0108261514242657,0.0089029674148994,0.00862108219242281,0.00945164721415892,0.0503543808761037,0.0104738366389914,0.011090973132071,0.0111923286055362,0.0105984210953893,0.0119232879658224,0.010597905046376,0.00971820451843403,0.00628395935673672,0.0103049560439682,0.00953233817017779,0.0102284752917007,0.0120997149497204,0.00918337695247859,0.0126984720850787,0.0237401889308479,0.0107596047081036,0.00650241511142007,0.0106176227968837,0.010573335674971,0.00985775210432253,0.0136662302447248,0.0107103404586754,0.00808299539550232,0.0111537629477998,0.0115448175496367,0.00914124979353997,0.00931380266154884,0.00824903927205268,0.00888293130207276,0.00698981832051066,0.0117421157753512,0.0137767804793469,0.0087846368441246,0.011404209606487,0.0100805819246472,0.0079264695928736,0.0112948710942264,0.0118337717392127,0.00897730702851922,0.0161383228783821,0.0122669526738619,0.0105891390870456,0.00590945748693216,0.0114996098366948,0.0137238603557464,0.0117168605816338,0.0107094092046034
"Amazon2",0.00896428852641314,0.00756834693728108,0,0.00561436218170855,0.00570108682103407,0.00701018225779573,0.00789364013441638,0.00942973115082752,0.031365693246292,0.0119083251748024,0.00709014180813994,0.00834531248394189,0.00840157451000749,0.00776924752726588,0.00587491124970049,0.00824595334609208,0.00800053839859701,0.00846996516102569,0.0100846076454114,0.0076959565873369,0.00780058445534684,0.00963913820179522,0.00769907304531133,0.00916880643479841,0.0106491819245965,0.0128151435897107,0.00689344989321368,0.0101561495193136,0.00869669421122733,0.00918834103138769,0.00800149024247823,0.0084696530209151,0.00686511234915754,0.00668903159690131,0.00992467425805799,0.00776270226112917,0.00599990683572156,0.00730370190975066,0.0113893116388871,0.00744658481575703,0.0065645686723898,0.00736806811990049,0.00737131026001578,0.00734304979497116,0.00652249648402185,0.00776862124807471,0.00706418096900353,0.00666410571991322,0.00732058859387479,0.0468999511869099,0.00817505241417527,0.00979276582376034,0.0131927011844937,0.0103163147042501,0.00799732127459139,0.00673850154292364,0.00804720643709328,0.0052483714841702,0.00911846806991128,0.00714406109122006,0.00765193474252286,0.00826829558987758,0.00888943273584393,0.0103673450654359,0.021084250966063,0.00912019279668134,0.00620403133662117,0.00775391654747367,0.00764253336487124,0.00751954910228951,0.0122237867370088,0.0132783521026678,0.00624963701220163,0.00709523176335767,0.00780267938632449,0.00679497566168848,0.00720951320351934,0.00726222012115657,0.00681235227945814,0.00549582406527789,0.00815100695468921,0.0108926774099169,0.00645271089396331,0.00883459214348345,0.0086940431149693,0.00794898340319872,0.00668367278520195,0.0104296171863114,0.00548668856018039,0.0159559234866461,0.00789561766270628,0.0115117440453656,0.00660571557893038,0.00893918942205818,0.0110388667724816,0.0106313924488271,0.00981053233300102
"Amazon5",0.00832311321425436,0.0067668232323777,0.00561436218170855,0,0.00625809777963925,0.00594108487895409,0.00515591294508142,0.00785478313748082,0.0314175339219003,0.0106225012316794,0.00640363900837243,0.00823878235007189,0.00805368162784698,0.00673153169754473,0.0065981227964898,0.00677695681564768,0.00784675456897979,0.00715787521743847,0.00976665879884007,0.00612421116759376,0.00722887004838401,0.0111003412034672,0.00646375220939982,0.00886986623055867,0.0111645369235819,0.012934468623528,0.00609402553468128,0.00970356903071945,0.00726396897439525,0.00971816085660302,0.00795052541755144,0.00845703553655591,0.00614049959881879,0.00619799296812471,0.00741910159145352,0.0070491389563801,0.00760424858747831,0.00686042239268676,0.0115318858936426,0.00517287897579343,0.00635389670879422,0.00618172948980549,0.0066484617852593,0.00750390673407822,0.00653812384412086,0.00766434125743239,0.00779249764072188,0.00712708344951682,0.00824938232187041,0.0431550558775375,0.00749640712016895,0.00834765991143156,0.0110234393579867,0.00866761196343029,0.00584881005988724,0.00626673219161901,0.00790024143364732,0.00612012271102736,0.00805743022013178,0.00712331661170055,0.0076002270793099,0.00596706644849229,0.00865766938247551,0.00891802895918686,0.0147001330239904,0.00892696097900427,0.00527007525865276,0.00732359127558133,0.00783252740803494,0.00740162559729442,0.00924809994919224,0.011945276566727,0.00572260932013448,0.00557037247597077,0.00580716856793556,0.00608503856600839,0.00672484713247601,0.00667992237889646,0.00777504551857901,0.00603877737557298,0.00809841516510065,0.00879840411336755,0.00578615581230614,0.00823440891169424,0.00923478974905757,0.00462666657993839,0.00689632930357197,0.00872226180815257,0.0073217755178211,0.0155167169876946,0.00747485846067088,0.0106454213519476,0.00539888735562016,0.00792136352687222,0.0107886754429598,0.00925241729712242,0.00971060949853048
"Amazon8",0.00856723297830531,0.00814058526990675,0.00570108682103407,0.00625809777963925,0,0.00585820460101616,0.0059464013529678,0.00789763691153621,0.0348935495846925,0.0129640267081565,0.0072722963575384,0.0105832382990381,0.009141545506544,0.00773201525819983,0.00602071072359045,0.00743905754781168,0.00760701068953291,0.0081054717829488,0.0094290937455339,0.00623031837607366,0.00864185610097455,0.0115548714836629,0.00762636367026239,0.00779552043023777,0.0140823770882948,0.0119201509337833,0.00726855220359019,0.011239073414184,0.00970142805405,0.00996158069815461,0.00796145063915736,0.00916426105745172,0.00715970675821036,0.00708983733282615,0.00612903146596316,0.00673371187550038,0.0065707801308092,0.00766997506503622,0.011414396415925,0.00524349286988125,0.00602224106021168,0.00638367724729549,0.00756270981594695,0.00715744890244882,0.0065937458113008,0.00820134564270881,0.00634335067539323,0.00802924091214757,0.00798935010527151,0.0539473721348167,0.00770215280018137,0.0105430965075834,0.0126286721603794,0.00782909086632114,0.00585527824115869,0.00774115592629794,0.00924245449429765,0.00503115911932646,0.00785223010223163,0.00644845006782198,0.00786982861821833,0.00619664255398716,0.00898852764066291,0.0123996998577488,0.0123899751674142,0.0101897292639904,0.00612172435248235,0.00708142078124346,0.00768951395114083,0.00774090630339061,0.00831455869802912,0.014007800933681,0.005939648864832,0.00626751135555577,0.00544341766416034,0.00577405667018597,0.00755087314408156,0.00713120136551038,0.00787863751185843,0.00663450678739644,0.00843047303510887,0.00928301006792349,0.0052361662070686,0.00897188976450362,0.00996963197178106,0.00655980888136833,0.00607637071755254,0.0100471509739532,0.00736653137191596,0.0175615718200211,0.00755811545474981,0.0120651406243033,0.00701884719713131,0.00901863291647607,0.0124062484355848,0.0101166393579678,0.00923491881716077
"Amazon9",0.00728943405507941,0.00830886821219708,0.00701018225779573,0.00594108487895409,0.00585820460101616,0,0.00665005795100459,0.00825074163152894,0.0291796655875522,0.0118513857870316,0.00789474278683372,0.00857706529138132,0.00804966304789058,0.00732812834509238,0.00660140477745659,0.00746289584237127,0.00752265781139831,0.00832193753355067,0.00940098716521528,0.00615046005246065,0.00779287625685536,0.0120953332094401,0.00742961176810927,0.00829840748023829,0.0127620339723044,0.0115775010339386,0.00710889239299641,0.0100364258313896,0.00904290676899191,0.0100591682491149,0.00833228619759963,0.0078059775643069,0.00687135066715583,0.00695208639745583,0.0079508961249565,0.00798838593586451,0.00702561585327711,0.00758353604338221,0.0110057502222797,0.00609599047665199,0.00570187911061637,0.00646366953368805,0.00685639890017836,0.00717178413152522,0.00604768467236543,0.00759888717161153,0.00687923571289864,0.00744340799317593,0.00757472419112213,0.0394081124441008,0.0075532375813427,0.00888912693895973,0.0121360336644598,0.00807868497622284,0.00639137945394749,0.00825534754858803,0.00817862266682981,0.00423078269502213,0.00838646095030232,0.00719230210442454,0.00782353655155885,0.0068925230452263,0.00871325841213336,0.0123249454565863,0.0154214134897272,0.00924284489168677,0.00619448046112487,0.00642592957170054,0.00711829141397669,0.00733171318261324,0.00894747919025292,0.0143907626168529,0.00585915689628084,0.00587993752185426,0.00581639056708532,0.00583489967702268,0.00719143270578266,0.00660699283982286,0.00728527658707654,0.00651480383599026,0.00862420543034689,0.00992166625917349,0.00575608217001836,0.00841093733546392,0.009898465257633,0.00787117127783571,0.00770644836186948,0.0084127825099366,0.00815659292806795,0.0151188303960087,0.00759471532192816,0.0120130513819627,0.00764198029087433,0.00877366451316642,0.0118219280434693,0.00962936477429752,0.00944851651307897
"Andira1",0.0117390355278313,0.0137260624426618,0.00789364013441638,0.00515591294508142,0.0059464013529678,0.00665005795100459,0,0.00932360662690723,0.0344933923939658,0.0125895288981789,0.00809501850140232,0.0111251582551577,0.00855604215613761,0.00896178254385161,0.00570947433154439,0.00834999617095498,0.00990078021670418,0.00839744119100758,0.00940984099293366,0.00965642352370822,0.00885054022722247,0.0151652640973559,0.0106907514945785,0.0105180850839758,0.0143471313201631,0.0130482439752956,0.00698925366417154,0.0102094476918562,0.00904162440066232,0.0102812066554895,0.00822387302010738,0.00774630731122154,0.00763822265331102,0.0109162323745369,0.0102018094004188,0.00711282049155091,0.00684848717775762,0.0073804063525689,0.0110827298340269,0.00839322381832099,0.006669203829349,0.00671626609773408,0.00815132838171402,0.00688912314634409,0.00574467615394023,0.00885389596913582,0.00767326192517451,0.00724532468337848,0.00915145064286266,0.0439084901463331,0.0097029262761114,0.00941090303568404,0.012669465432095,0.0103686930076785,0.0104434919903212,0.00976322393847937,0.00865597039485507,0.00524309775830087,0.00933023451189267,0.00735086113839333,0.00786809166436616,0.00971271776532382,0.00861538836092114,0.0112850636931995,0.0232058426371967,0.00988027931498056,0.00566442053119761,0.00865731039528228,0.008907541925557,0.00653111333282797,0.0129686781994477,0.012904956860402,0.00716336973787078,0.00872123859747152,0.00910458810242738,0.00849811088741701,0.00892124782151201,0.0068334733915601,0.00732390286683979,0.00558561507609318,0.00877971835460906,0.0115322778586583,0.00743524007038496,0.00859541893397689,0.0112475331035783,0.0080998832800514,0.0067938960570782,0.0082521228126124,0.00788438096597313,0.0153693216971331,0.00862799826692504,0.0129341039703976,0.00759941129615175,0.0113286461805126,0.0138365414378052,0.0103474363921656,0.0102753636288688
"Apaporis",0.0102690671263048,0.0101517477415392,0.00942973115082752,0.00785478313748082,0.00789763691153621,0.00825074163152894,0.00932360662690723,0,0.0339507431668855,0.0114663896795343,0.00741744819835697,0.0100449763575227,0.00949510611993737,0.0109081701609292,0.00539377858003646,0.00852638426820375,0.00909309256516854,0.0071829369790545,0.00997049531622722,0.00993348552772658,0.00830574735363987,0.0158122644220736,0.00916589929736604,0.00865072310010395,0.0152522329241837,0.0123134123475168,0.00857716890820849,0.00950598879707374,0.0100227839958806,0.0116806487572329,0.0106364395171373,0.0103600542416709,0.00923390254989616,0.00993387450518551,0.0121102453280831,0.00860652394614532,0.00715040725441487,0.00903867866587888,0.0102381139593974,0.00887641050117127,0.00795567651388569,0.00837512056895754,0.00967734728950339,0.00765368149257909,0.00656825504119992,0.0094079362434205,0.00778068473717182,0.00827098899972242,0.010011363067955,0.0392399724127771,0.0103339970099469,0.0126467999249004,0.0110458608965761,0.0100202898800712,0.0091583771797204,0.0112733866303034,0.00822887039312993,0.00682418409968188,0.010591267377286,0.00708768883141621,0.00890741090369996,0.0103773625829235,0.00896461391588653,0.012164870889604,0.0255163159083422,0.010521163545982,0.00899111162434251,0.0107371912989336,0.00935465585621113,0.00575836895354073,0.0132586480785988,0.0128100205376103,0.00964062244127106,0.0108800068553328,0.00937043476030429,0.0102342927843522,0.00929809757051146,0.00570870537751524,0.00690642106598309,0.00707657456265074,0.00918109338107897,0.0123705710549696,0.00756590871405068,0.00928159079805911,0.0101509989772213,0.00983451534002436,0.00864705659427035,0.00802393188479737,0.0073215761639065,0.0168009792708629,0.0106222432043808,0.0103196322435013,0.00834231709603966,0.0116758018172506,0.0162325489619824,0.0107435747825665,0.0105438434286795
"Apurimac1",0.0340184074382865,0.0351335260549285,0.031365693246292,0.0314175339219003,0.0348935495846925,0.0291796655875522,0.0344933923939658,0.0339507431668855,0,0.0343838020407624,0.0316965195585375,0.0378924906486093,0.0263154277786053,0.0350231314228932,0.0305102777094915,0.0363973789027495,0.0302886553435402,0.028719013519182,0.0308762665395485,0.0366385540343275,0.0265113220947276,0.0366869328349697,0.0318902883536256,0.0335314498882018,0.033236042896357,0.0273673594767778,0.0304222907457255,0.0245440512020313,0.0319731182668007,0.0318777521800169,0.0317919144971666,0.0294147850486228,0.0295657579182314,0.0338983900601463,0.0400362900196379,0.0372953835201889,0.0337110797390686,0.0269664469503986,0.0311916497604303,0.0317155863912318,0.029963180433304,0.0334841375436612,0.0344675597323199,0.0296852882391155,0.0307618022463468,0.0369240252635963,0.0168977038403706,0.0355626076323432,0.0307266732109272,0.0314812689101702,0.0301132417005584,0.0283711827500586,0.0148951230065799,0.0339422345286022,0.0350659678214787,0.0336963258636575,0.0203298483099141,0.0288788454847344,0.03573137651327,0.0331587378713721,0.0315112059765986,0.036537101237043,0.0307969530238365,0.0242527962202143,0.0298801725370867,0.0280076720789689,0.0337554034191243,0.0355758504549534,0.0327573983011589,0.0247703569179026,0.0325017497475035,0.031267915431164,0.0327592751610692,0.0396101150378784,0.0408317225692639,0.0375509306267427,0.0317607020518786,0.0263738654432139,0.0271063990664422,0.0312192463925942,0.0291583883882641,0.0371982916498603,0.0330665797802862,0.0282297085085943,0.0271976456814519,0.0316552395474047,0.0328868582526094,0.0334122644509968,0.0214791877671928,0.0209919730313522,0.0419738075848071,0.0192995101089863,0.0352126018499714,0.0368241257529495,0.0349488625448453,0.0344373479547933,0.0334144072306104
"Arinos",0.0136136608969131,0.0128619300694823,0.0119083251748024,0.0106225012316794,0.0129640267081565,0.0118513857870316,0.0125895288981789,0.0114663896795343,0.0343838020407624,0,0.00885884587429461,0.0136015995921058,0.0132493085021745,0.0134003980084627,0.00978496989136735,0.0122262419240185,0.0111614117375859,0.0118092986141803,0.0125559875637818,0.0134832061127807,0.0120993683812949,0.0155806098614632,0.0127380712867865,0.012105776606894,0.0140059936896131,0.0117790067115239,0.0103133141457341,0.0133279798160468,0.0117170732965771,0.0138897076237108,0.0133503286214499,0.00909355262171751,0.0136885466446688,0.0121108319526564,0.0132319598173474,0.0122699865202692,0.00953053924760142,0.0119066050962701,0.0109469094121714,0.0139322688782124,0.0113557639815471,0.0124088258659363,0.0130364028798222,0.0139680006282312,0.00981938243225358,0.0122246609858098,0.0127100468915644,0.0116294894186465,0.0122984596636547,0.0476599809309299,0.0122181680116543,0.015814559435342,0.0157859165739121,0.0133034299800364,0.0127031198829771,0.0145468498203882,0.0122493760137013,0.0107222721563746,0.0138720126688855,0.0106644677437371,0.0127914719433648,0.01320693068881,0.0122645547527399,0.016360064201637,0.0256645756820185,0.0114287253027303,0.0125576657416526,0.0122776521558751,0.0115814939807115,0.00955859319918257,0.0135457978900964,0.0140893744072423,0.0105368623845206,0.0121051519214979,0.0133065959698356,0.013772105607689,0.0118943393996578,0.0105750105408806,0.0108124085836126,0.00908067327778832,0.011371980370076,0.0126402156873649,0.011713633760615,0.00526755302771113,0.0134484922063137,0.0117423591410156,0.0130512099991019,0.0128861868947664,0.0135148279128683,0.0160914237169717,0.0138598147158582,0.014846445785925,0.0103635928748072,0.0136317725853912,0.0137279929763581,0.00921337104132938,0.0129237260069249
"Aripuana",0.00819866707068739,0.0103634895957498,0.00709014180813994,0.00640363900837243,0.0072722963575384,0.00789474278683372,0.00809501850140232,0.00741744819835697,0.0316965195585375,0.00885884587429461,0,0.00999978317820496,0.00847451252799173,0.00781015394921376,0.00653936697854578,0.00696773845674577,0.00731530561195052,0.00849563956835514,0.0108160507678177,0.00737666782461185,0.0072558424322316,0.0125766022379879,0.00653279408269349,0.00943556530296835,0.012460670307547,0.0120649698376097,0.00732141677497709,0.0101096650367458,0.00793012186926675,0.00996856911000186,0.0087079566459268,0.00810627673117809,0.00857028563242955,0.0075918714224225,0.00899287947911882,0.00716154064536786,0.0064839246534588,0.00668994858217373,0.00917271015870734,0.00703610200365959,0.00763442771216924,0.00664633488441518,0.00597869640878483,0.00700703469516429,0.00563764467445127,0.00767292628118884,0.00817628882731855,0.00762715147599647,0.00871689659604654,0.0555013211853075,0.00854831236612545,0.0105956738638911,0.0128092472022636,0.00665464462734028,0.00700617683906569,0.00757424497641804,0.00824762946380468,0.00655910064335425,0.00849551508376481,0.00701744348353433,0.00843555441302701,0.0106249344285112,0.00955538590771632,0.0114495345261834,0.0208525587957594,0.00920434638998098,0.00764574328204731,0.00763596993685929,0.00840647887958709,0.00722158614030839,0.00289744837517614,0.0119621189355653,0.00628804523449262,0.00879878194299987,0.00798650110026514,0.00876590843286638,0.00826636411890659,0.00695130613638503,0.00735572674114537,0.00645279017317201,0.00823576649732913,0.0100653227873467,0.00807926075231736,0.00831258582483467,0.00918508319511992,0.00731289789750689,0.00757348530770895,0.00930507570408331,0.00761106353650297,0.0157812898269434,0.00864283594313938,0.0113978977192059,0.00688623205270851,0.0107599821101503,0.0122271407549769,0.00949821474063584,0.0109487927160322
"Bacaja",0.0100570620374499,0.0101991074472284,0.00834531248394189,0.00823878235007189,0.0105832382990381,0.00857706529138132,0.0111251582551577,0.0100449763575227,0.0378924906486093,0.0136015995921058,0.00999978317820496,0,0.0114629573819378,0.0113067818664488,0.00730149260679977,0.0101722988277759,0.0118962006660896,0.00998333379000202,0.00996274268174667,0.0114771562515754,0.0112429562705643,0.013251032096841,0.00982747641616788,0.0115855766096044,0.011750835939532,0.0123342344267575,0.0111767082316618,0.0122414522729163,0.00780954081777882,0.0114151065900882,0.0123640796197471,0.00988207023421273,0.0108457522041321,0.00881282263020041,0.0127031242469971,0.0106998732856328,0.00958755225003301,0.00929286907300434,0.0109263416618089,0.0115098042569691,0.0101181823324547,0.0107239555592769,0.0111618428534381,0.0104727607860054,0.00925877232595842,0.0106903163167266,0.0116509911632843,0.0115212066384839,0.0113895132529331,0.0523885728730965,0.0123694622131285,0.0122956189247807,0.012495762019397,0.0131853122846231,0.011199192966157,0.0114165291679385,0.011589576559034,0.00800421254657567,0.0106040270905842,0.0095987841309451,0.00949857516599389,0.0119108921997047,0.0117349930529055,0.0136440716007756,0.0253521226967088,0.0117514283892541,0.00890645102702969,0.0102982530509042,0.0113815837052382,0.00941143891105164,0.0138379652773573,0.015850389531066,0.00905671700031385,0.0111857246364304,0.0112613552469182,0.0113147377643408,0.0115371083475276,0.00945173087601246,0.00985598343913629,0.00660382392521134,0.00879707361163114,0.0149140779856138,0.0106837376492433,0.0090031041543622,0.0111469409149113,0.0108360994706692,0.00962773118133785,0.0104737640592054,0.00959616183173997,0.0186251905923499,0.0117975139540551,0.0127358650498936,0.00366132043728732,0.00951202783393601,0.0129048168093332,0.0106240026077635,0.0106835384999799
"Beni",0.00741539339526587,0.0100914972931142,0.00840157451000749,0.00805368162784698,0.009141545506544,0.00804966304789058,0.00855604215613761,0.00949510611993737,0.0263154277786053,0.0132493085021745,0.00847451252799173,0.0114629573819378,0,0.00736468861285966,0.0088609710593127,0.00732085657382312,0.00978344623740377,0.00818710853113106,0.0065291675704123,0.00961631403072545,0.00818640793986099,0.0139971182545842,0.0115384646520437,0.0110353376553799,0.013692798976076,0.00659419850197507,0.00571119135429797,0.00968565367957618,0.00883310063168333,0.00580472185087606,0.00657246638624451,0.00911342482782283,0.00927724570983019,0.0101561653258635,0.0119824026647179,0.0079896997924034,0.00806834894027878,0.00828049767545183,0.01300773413286,0.00908536497349823,0.00886312154413763,0.00740257357362736,0.00824801253587674,0.00877598016868377,0.00700394050838221,0.00893203540805007,0.00653472124065579,0.00743308973061785,0.00696994351116898,0.0127239399553902,0.00812124233370502,0.00751185357670387,0.0117221733985782,0.010822379216297,0.0107736896739514,0.00853775958662156,0.00866822434481485,0.00765281169172022,0.0103877774450037,0.00900344450321369,0.00897414386289751,0.0106747149590522,0.00849530778694191,0.010866213030091,0.0202091470066009,0.00915252342102589,0.00904937024896799,0.00868237282006427,0.00754741738571521,0.00778712495456553,0.0124044942213677,0.0126197322945461,0.00927194249268837,0.00913193892361363,0.00967898030096223,0.00863984918850538,0.00936897510716208,0.00717824519337085,0.00838144272745602,0.00832054313850584,0.00877574895103393,0.0112899179622279,0.00924551739775192,0.0097869000165632,0.00943144610657291,0.00771968643523994,0.00793790599038961,0.00994662235384015,0.00805914823014906,0.0128542896139784,0.0095379307691494,0.0116284258513234,0.00823160067885976,0.0115519348098577,0.0131860869749199,0.0121356408626026,0.00662863139429129
"Blanco_Baures",0.00965962394353592,0.0107628291232196,0.00776924752726588,0.00673153169754473,0.00773201525819983,0.00732812834509238,0.00896178254385161,0.0109081701609292,0.0350231314228932,0.0134003980084627,0.00781015394921376,0.0113067818664488,0.00736468861285966,0,0.00777269586921214,0.00740172017391477,0.010746877398558,0.00837717461932126,0.00929060669037535,0.00789271811892025,0.00761033939008343,0.0141288995206816,0.0109318752079557,0.0110915100759569,0.0142422891140106,0.0112694210506937,0.00180800739031166,0.0127561651414856,0.00945456667909458,0.00848247346017086,0.00530431103293072,0.00994576145942366,0.00765387226789605,0.0103634251207672,0.0122342683556927,0.00679494688852188,0.00705089033375908,0.00795581217328233,0.0133088771749342,0.00932014162394248,0.00809136216793674,0.00788461136145071,0.00723528568984531,0.0091167486948266,0.00512622987661491,0.00965378530535969,0.00609125422838253,0.00611619038237397,0.00624615777666415,0.0634846243959221,0.00781795176718915,0.0105170110751736,0.0153327036148017,0.0114230033893598,0.0110086695033475,0.00927169110341729,0.00779276037787345,0.00550721240655379,0.009171984765327,0.00882755212850323,0.00847794703127377,0.0127285023138485,0.00700379768217723,0.0118916421287664,0.0223358044697134,0.0107788914440677,0.00698051977034753,0.00877818563842516,0.00814057207579476,0.00759250706290362,0.0144237965527791,0.0130184351720484,0.0068080416420976,0.00887903547799219,0.0084636582181596,0.00747771120139538,0.0102899861226733,0.00687459216881346,0.00727716786348969,0.00702973429547149,0.00876740226275385,0.0137875958741945,0.00844077981754934,0.00897320359823008,0.0106951841812846,0.00889799230139161,0.00834468006068815,0.00940638385204036,0.00759122954006857,0.016552910222776,0.0102001485019106,0.0121442615939193,0.00738778784191706,0.01072194688988,0.0121995767177272,0.0115764807479402,0.00836184004539863
"Branco",0.00849454514668377,0.0082742993281274,0.00587491124970049,0.0065981227964898,0.00602071072359045,0.00660140477745659,0.00570947433154439,0.00539377858003646,0.0305102777094915,0.00978496989136735,0.00653936697854578,0.00730149260679977,0.0088609710593127,0.00777269586921214,0,0.00796756821575611,0.00565951445689468,0.00725185034146926,0.0105551245275656,0.00634049004266221,0.00692682011707817,0.00811134424847711,0.00574865731334914,0.00591989258270071,0.0118824336136433,0.0126194756541544,0.006886199942392,0.0103002841057546,0.00800868015635594,0.00978705910293484,0.00884977160578802,0.00648281843537091,0.00637135400665567,0.00688340641078605,0.0070316615272573,0.00725074066612725,0.00775387415844842,0.00735572519001967,0.00987412329991219,0.00521962264611462,0.0064026799399719,0.00594141181298882,0.00734720354786819,0.00709704402814864,0.00710433335205845,0.00798292405678925,0.00933765807165745,0.00736475383346867,0.00872228762112356,0.0500633102504166,0.0082104366428594,0.0087070883349979,0.0115321989893596,0.0068180419207403,0.00569217682719409,0.00715986658770998,0.00780059551144479,0.0053030040200278,0.00641883389135613,0.00613407015982454,0.00656022721462979,0.00593787081629674,0.00967720026369943,0.0112489441259213,0.0104129985072522,0.0089780602266964,0.00638181292060726,0.00750211805592679,0.00829877055153334,0.00736084302610354,0.00785612260860063,0.0119516385648342,0.00626494176531974,0.00654545094467257,0.00563745222748899,0.00625883006777486,0.00750634917799339,0.00770562302401329,0.00766241139844804,0.00643260688088184,0.00674657457618235,0.00749768353222301,0.00616575417339813,0.00778003537598417,0.0095473787393357,0.00578373814476046,0.0057565738337003,0.00827956738819707,0.00736506564559877,0.0155291241660716,0.00449945734656027,0.0114950465730327,0.00644040127084365,0.00863160212091793,0.0116394981021479,0.00810991178047262,0.00980287538267336
"Candeias",0.00767438743661374,0.00820777604814448,0.00824595334609208,0.00677695681564768,0.00743905754781168,0.00746289584237127,0.00834999617095498,0.00852638426820375,0.0363973789027495,0.0122262419240185,0.00696773845674577,0.0101722988277759,0.00732085657382312,0.00740172017391477,0.00796756821575611,0,0.00848961344429387,0.00891786830082063,0.00892470621432911,0.00894043330787356,0.00825691859205004,0.0128157103299134,0.00924003763678343,0.00967151304385038,0.0120081407962063,0.013250063849075,0.00672783388643675,0.0110090544650164,0.00981223609698643,0.0102356367551026,0.00837534550643111,0.0096649363177218,0.00764297730594325,0.00777751690477423,0.0114375095016859,0.00743816117721687,0.00547879614839484,0.00779223905799416,0.011897108981319,0.00872206144287835,0.00819801328691747,0.00773345300542415,0.00814032904633825,0.00646890198201635,0.00474517434503914,0.00849057072986933,0.00749773038110337,0.00683341418358634,0.00753780538091222,0.0584433898802307,0.00805182514575586,0.00938659820410434,0.0131812241078338,0.00845449255344318,0.00844340216404325,0.00898654414402094,0.00858811844462263,0.00747679928436041,0.0089009504545799,0.00907385337735527,0.00748138308451605,0.0108293482191234,0.00926189554275191,0.0106471523791269,0.0195380876784459,0.00924080798837909,0.00695665260056249,0.00741598733458146,0.00822264336548612,0.00742823745227029,0.00959585622032692,0.0117414251273708,0.00738645776827858,0.00789273131947479,0.00783753219801217,0.0080409425482504,0.00803293027835342,0.00705020542042436,0.00715347399299671,0.00767144397606793,0.00992590317211129,0.0118496184536158,0.00729289266386936,0.00935627506804277,0.0103019106395741,0.00771205747605373,0.00891035658817077,0.00985137865648212,0.00774175349455076,0.0159325279662454,0.00974775236357409,0.0110383323936515,0.00873582187308342,0.011022805568073,0.0128272367046277,0.0109841885131028,0.0101220633462562
"Canuma",0.00940348775921186,0.0112672622829482,0.00800053839859701,0.00784675456897979,0.00760701068953291,0.00752265781139831,0.00990078021670418,0.00909309256516854,0.0302886553435402,0.0111614117375859,0.00731530561195052,0.0118962006660896,0.00978344623740377,0.010746877398558,0.00565951445689468,0.00848961344429387,0,0.0103508139553003,0.0100749838606147,0.00980121536417942,0.0119148447861814,0.0130769664066307,0.0120203401180085,0.00848101111921011,0.0173223334533018,0.0111742869466939,0.00840662867099512,0.0113034504624208,0.0110804307051395,0.00949716785649882,0.00950153812487365,0.00874890402535789,0.00862563485518207,0.00987150101623629,0.0100675784728598,0.00841859122042441,0.0085569866785335,0.00959677494886099,0.0107125315905758,0.00851229190041863,0.00780716684912796,0.00711871735288929,0.00940090966487944,0.00938588273432748,0.00661516754780331,0.00876470610461657,0.00968788162291569,0.00996354789305535,0.00935688213780656,0.0423349288478395,0.00842553748452906,0.010780783177685,0.0120017735404069,0.00983584599296947,0.00899369013839512,0.00863066199532752,0.0105937513461892,0.00535795113984977,0.0089428859708189,0.00616444361437955,0.00932322632532412,0.0109597427761629,0.00968073042533527,0.011139110523942,0.0231603473635966,0.0107165125898383,0.00677859899601297,0.00912057282636473,0.00903441012551232,0.0092583073036245,0.0125559314565733,0.0124179469166437,0.00695700845334474,0.00914423747131367,0.00971803612972776,0.00852915370853059,0.0103012998120191,0.00924968179576879,0.00860548675316918,0.00655085568990933,0.00987704030060137,0.0118191524400345,0.00844109970921397,0.0100157933151117,0.010042105490618,0.00822016547013876,0.00957095535786378,0.00897364019030695,0.00966288661277286,0.015705384335312,0.00863869358581032,0.0112844677368735,0.00872413221080514,0.0111333835403971,0.0143317109358342,0.0102535354147805,0.00937456331141898
"Caqueta1",0.00871174166941663,0.0100569816181332,0.00846996516102569,0.00715787521743847,0.0081054717829488,0.00832193753355067,0.00839744119100758,0.0071829369790545,0.028719013519182,0.0118092986141803,0.00849563956835514,0.00998333379000202,0.00818710853113106,0.00837717461932126,0.00725185034146926,0.00891786830082063,0.0103508139553003,0,0.00865490422184983,0.00993378172289429,0.0079777638218219,0.0131905625217325,0.00953887487287949,0.0116065478654557,0.0135651818555912,0.0111505231658295,0.00778701776575164,0.00960897251697055,0.0104103744986454,0.00953566270491076,0.00934291318939118,0.00975382664247563,0.00836320313293282,0.00948379128716351,0.0118452772488852,0.00715933818560743,0.00703926672600479,0.00727180255743771,0.0128542652175408,0.00919303914401008,0.00782516169640688,0.00711266332328718,0.00900250625669779,0.00762394568477289,0.00684825512663492,0.00883467468184181,0.00711333405023391,0.0087849365275274,0.00928461119021804,0.0469402389319206,0.0101304128653304,0.00924379482885985,0.014386656795162,0.0113629090743601,0.00997284613516431,0.00816576972011617,0.00671535782931528,0.00716296358816125,0.00902264908509027,0.0074278185508903,0.00832185432336576,0.0110931084264827,0.00853094383229996,0.0114932173663526,0.0192506288498274,0.00946635790197207,0.00770433140137612,0.00806758534283294,0.00867172203992226,0.00650638388856901,0.0118143061118118,0.0119545030449801,0.00779597536273971,0.0096095456640909,0.00939635937326241,0.00914187349924958,0.00895848099568797,0.00626462472889993,0.00647486142352947,0.0070848415896772,0.00989689380883783,0.0124242897636507,0.00815345669641496,0.00949288593329997,0.00922112052581267,0.00750582964970077,0.0093765431456348,0.0089880613641943,0.00678837005774725,0.0152834696097855,0.00894844347048725,0.0124492415818541,0.00852787684940686,0.0115781885036753,0.0136592733700354,0.0121193345504251,0.0110752634318913
"Chapare",0.0077649969501093,0.00928001570585116,0.0100846076454114,0.00976665879884007,0.0094290937455339,0.00940098716521528,0.00940984099293366,0.00997049531622722,0.0308762665395485,0.0125559875637818,0.0108160507678177,0.00996274268174667,0.0065291675704123,0.00929060669037535,0.0105551245275656,0.00892470621432911,0.0100749838606147,0.00865490422184983,0,0.0103918569673518,0.00854944361530772,0.0146852488424156,0.0107408390795486,0.00959830746349388,0.0132700705925061,0.0103284532769548,0.00678626723376947,0.00938882967375256,0.0112179439099432,0.00753468554477059,0.0100270735002846,0.0102232292021612,0.0097262624610528,0.00904798900225615,0.0118470476429929,0.00861837567926229,0.00915450970308669,0.00919307700576906,0.0129322423357376,0.0109762503457065,0.00869519734467195,0.00932385478985296,0.00977719534073933,0.00934138565688961,0.0077482778733226,0.00857302381923409,0.00538337172298113,0.00914336602056798,0.00741399306007893,0.0318377603121371,0.00901128739767919,0.0107372032529531,0.013420431380017,0.010010589750876,0.0116226070401376,0.00940394193863986,0.00866131660873175,0.00922084117435945,0.0103027863725244,0.0102047302729016,0.0106678488406165,0.0110406756987874,0.00819270720912786,0.0114465496404865,0.0234884250365636,0.00934062533974273,0.00965599093956751,0.0104930515956671,0.00819228335153994,0.0083025580353338,0.0130838735000797,0.0119069833748249,0.00925897623513183,0.0111346764688837,0.0112359605821976,0.0101076126221763,0.0097107697833901,0.00848899107197578,0.00902530088275532,0.00969892440322792,0.0103753467725959,0.0143256720581215,0.0103895874519959,0.0108778837233776,0.00967397837490899,0.0104168189888098,0.00920479967513482,0.0101013898510716,0.00857697751050955,0.0143660385617823,0.00953476931736373,0.0124791729626852,0.0106480482214232,0.0100357527611148,0.0136884115325261,0.0109492688372201,0.00823616060026658
"Coari",0.0100908362918037,0.0119656185364603,0.0076959565873369,0.00612421116759376,0.00623031837607366,0.00615046005246065,0.00965642352370822,0.00993348552772658,0.0366385540343275,0.0134832061127807,0.00737666782461185,0.0114771562515754,0.00961631403072545,0.00789271811892025,0.00634049004266221,0.00894043330787356,0.00980121536417942,0.00993378172289429,0.0103918569673518,0,0.00859630360177117,0.014477885962096,0.0104205364066159,0.0108562595443831,0.0137196735435321,0.0140620804675131,0.00737475200665116,0.0118763969317521,0.00988742845499825,0.0112444625813888,0.00845690465339177,0.01033566747163,0.00681607489395539,0.0104142803906634,0.0110256081746404,0.00707667064439268,0.00768214477710946,0.00694062450433238,0.0118464461748472,0.00864650791937306,0.00649976037353084,0.00669092336316514,0.00729430912604156,0.00789410463101599,0.00598146301849242,0.00879035196466693,0.00857870134430736,0.00815941781016219,0.00881795717191784,0.0567189142698913,0.00965239659111924,0.0100879263835948,0.0134793627159327,0.0114912348547226,0.0105971249508775,0.00865199273368183,0.00889803214784277,0.00450155602219481,0.00831769217630124,0.00772744682742323,0.00980788848979391,0.0113214292631372,0.00854305197647908,0.0115176441310091,0.0242715659455878,0.00985538803112169,0.00540965193109326,0.00923893211189935,0.00900483597143677,0.00615049998996467,0.0124433558497586,0.0145795949270911,0.00621970350417447,0.00900177567479618,0.00827724373120695,0.00768209760493877,0.00985039539299354,0.00702723700621914,0.00696257786277559,0.00670060967236045,0.00862322716816916,0.014150876066111,0.00599824202141087,0.00842226012312582,0.00910325397437403,0.00783111073197795,0.00829484635163168,0.0111572771343885,0.00786638290131439,0.0153105545845785,0.00958612610142707,0.0111535006152586,0.00797096550978224,0.0118559705079176,0.0140103577795316,0.0103071902533856,0.00995842834152017
