"","Abuna","Amazon1","Amazon2","Amazon5","Amazon8","Amazon9","Andira1","Apaporis","Apurimac1","Arinos","Aripuana","Bacaja","Beni","Blanco_Baures","Branco","Candeias","Canuma","Caqueta1","Chapare","Coari","Curaray","Curua","Curua_Una","Demini","Fresco","Grande","Guapore","Huallaga","Iriri","Isiboro","Itonamas","Jamanxim","Japura1","Jari","Jatapu","Javary1","Jiparana","Jurua1","Juruena1","Jutai","Luna","Madera1","Madera2","Madera3","Madera4","Madera6","Madre_Dios","Mamore1","Mamore2","Mantaro","Maranon1","Maranon3","Maranon5","Marmelos","Maues","Napo1","Napo2","Negro1","Negro2","Negro3","Negro5","Nhamunda","Orthon","Pachitea","Paru_Este","Pastaza","Purus1","Purus2","Purus3","Putumayo","Roosevelt","Santiago","Solimoes1","Solimoes2","Solimoes3","Solimoes4","Solimoes7","Solimoes8","Solimoes9","Tapajos1","Tapajos2","Tapaua","Tefe","Teles_Pires","Tigre","Trombetas1","Uatuma1","Uaupes","Ucayali1","Ucayali2","Unini","Urubamba","Xingu1","Xingu3","Xingu4","Xingu6","Yacuma"
"Abuna",0,0.409355242256211,0.147686051144744,0.114623140707565,0.135174212048255,0.163782980361854,0.347792094148906,0.350062287884244,0.337099695688644,0.367474678674681,0.108235830290755,0.368559297481479,0.149612702071903,0.208244580908249,0.118547673582239,0.137660489509194,0.336446566348073,0.191434388067609,0.357227617465856,0.271442805423202,0.137783357198969,0.377137341197219,0.395974171228317,0.477903011021921,0.319395978759821,0.34513054093991,0.0560149672067172,0.435795124553389,0.337658107645518,0.346551701610551,0.22603181603153,0.332468910264902,0.129638555425379,0.412887248323405,0.435862814038934,0.117054861761207,0.0754195680816296,0.124966344926837,0.406997629926132,0.329432823869261,0.144782323102871,0.161165332625693,0.246188501869592,0.155073097144242,0.0303812374095777,0.164546993533178,0.088195364254785,0.0883870029052919,0.205689116639454,0.320039760481249,0.357804799717617,0.378099338736414,0.478553087653163,0.409767510081412,0.389139381957561,0.346765654111687,0.170621417512465,0.101474777798177,0.324088214052543,0.19192243743931,0.268518380808695,0.437582449328426,0.192487457738276,0.411849790345383,0.200089136274332,0.315922078112169,0.107335766923302,0.338249238904534,0.193313952813605,0.0941809491871799,0.334355606490667,0.452440652658856,0.124970359163626,0.326122610458738,0.280426793652111,0.218013438812457,0.279253056942763,0.0886697496415276,0.0967530174948219,0.113551189264375,0.251712686788327,0.419120118973136,0.154662648572589,0.217234759740141,0.40043149142904,0.190073830865995,0.260477215173427,0.376277781058317,0.124668918546163,0.400889033257881,0.359329758878145,0.427942505290333,0.139760407858523,0.437928748954392,0.406750147135431,0.426232727019767,0.370849822428501
"Amazon1",0.409355242256211,0,0.0677384738896031,0.0652739889296245,0.101000546621625,0.106856794790403,0.321196515401721,0.442816752771596,0.41060354901972,0.386971572521356,0.124226446339036,0.421390749787463,0.255017744469438,0.313677496745838,0.0873728386981337,0.180508953699919,0.307274713054455,0.197732538342814,0.430964116450887,0.234629186248403,0.170401742265475,0.340114235896221,0.355585933974902,0.390248108210759,0.380388917970575,0.478513213901544,0.168773285593792,0.453936469545503,0.314739080315673,0.465715858853815,0.309380006199983,0.325388795251578,0.115150893868869,0.279946785774879,0.408651888924041,0.163887023731213,0.140144848593034,0.133861161015376,0.406904051509183,0.244646877610064,0.110555433749417,0.142518071472647,0.232973556823005,0.165751881804505,0.115127285830903,0.297530192184698,0.188039477367392,0.180465829052179,0.280108317576366,0.371774994461286,0.385466220116792,0.408593358350217,0.535718896633396,0.381730588218193,0.368675978188772,0.360074063825625,0.229348303204627,0.0577508641927439,0.25324557825171,0.164358221716722,0.235633789854425,0.379620089583124,0.275030537600445,0.516552827013934,0.309314699216461,0.362082158111407,0.090655028163194,0.283062610498621,0.256658793019734,0.11135518543998,0.393961981780714,0.526319428900873,0.102353556060897,0.234384307441816,0.241726316693935,0.178598197677408,0.240367438080792,0.127459238108609,0.120285415986507,0.0638223951890737,0.240387720418126,0.385659718091769,0.126849762882847,0.264804793746881,0.441475144729504,0.136504384307281,0.219911942984453,0.325430435458471,0.167209607677145,0.502627139552359,0.341819551887253,0.55049040230371,0.0614212240984979,0.392284727673694,0.416280453709939,0.394094545791068,0.430133611845849
"Amazon2",0.147686051144744,0.0677384738896031,0,0.106740222605204,0.180259343732558,0.164040765340658,0.120242793793957,0.146836401990446,0.313007890541884,0.173315650368959,0.215346796302064,0.134920941269767,0.254088813944704,0.179672728972217,0.159290204309278,0.196023454969533,0.125562735940399,0.265580842989185,0.226205554109488,0.135496980017527,0.2767594387368,0.0575738395214755,0.0833142472604448,0.188063566179381,0.101211457499288,0.198221440042501,0.223290321180596,0.236273614263539,0.192519604152096,0.199457762416116,0.214560857257161,0.175903001270525,0.196651502188029,0.0838255774460574,0.125817675942498,0.231172362563937,0.232331283506281,0.22948594979037,0.209380913431139,0.12572870374928,0.166552045130764,0.168544249375012,0.150226354032835,0.192082717314423,0.17573819861373,0.172362970810045,0.283357522400516,0.21860602641599,0.21376537643244,0.30555203047121,0.177903610679899,0.285212572640851,0.310725910445533,0.179877597042911,0.103681852307202,0.174511745391501,0.277386899740981,0.103716084165186,0.205372160820237,0.278463833167273,0.272799080338044,0.117751719269833,0.223640818341761,0.279390441527718,0.0588518218497254,0.259238050072906,0.164392687128905,0.147149938593244,0.243024476935072,0.183472222692098,0.146689303065382,0.263070304302936,0.15161746482592,0.100107727162464,0.131711266562936,0.156427488048561,0.150968675758154,0.207193942030256,0.213002283417681,0.10421251975698,0.169052404166905,0.16296826237223,0.179411218076747,0.232245316052516,0.24284209683773,0.155372332330755,0.143899326741292,0.228898029132831,0.268960623904696,0.295143979339683,0.170772398273348,0.286744320707435,0.17094960561346,0.165448672726789,0.183928079232705,0.215362552697132,0.204355913273515
"Amazon5",0.114623140707565,0.0652739889296245,0.106740222605204,0,0.134270983412792,0.138533012851692,0.0691806691259969,0.0928905326765487,0.267359587136642,0.140073123532417,0.18681457815686,0.130431937571219,0.23318862901571,0.156112866565974,0.157554343834561,0.152494226667324,0.111382969738476,0.224173417643955,0.210955472756477,0.116687095183974,0.272703435253254,0.0861656917962258,0.065076764348001,0.138675767531202,0.100430056895918,0.188346611718712,0.230108900340955,0.230573044335813,0.173470129826842,0.178537318585982,0.196172924297872,0.148682728659014,0.160825305109179,0.107211181722431,0.0923873164781772,0.192747511593186,0.202717743614884,0.202714283418609,0.164897942870695,0.0799066309464057,0.135083246751931,0.140774227012816,0.108290876642816,0.160423814744023,0.179766121853456,0.148086031071687,0.281516392946615,0.185909190541666,0.199032395924479,0.284843251432256,0.155016688946434,0.26686420884333,0.294257412999143,0.122710709655821,0.0571474782965662,0.156752412944092,0.256078753866268,0.110235194761019,0.15696776695795,0.23797217309354,0.22359521385657,0.0487872228198546,0.196153977972433,0.2673948170732,0.0423132672929311,0.238911912660214,0.173000765402353,0.123094147593635,0.233530170367679,0.198897460483195,0.0980960083032072,0.243427656943388,0.157330655732803,0.0857848107487369,0.0995421589254891,0.122483341759001,0.122106959775886,0.216737480437559,0.223439417435283,0.114623709551922,0.14085516927091,0.12302774092758,0.139461008874056,0.196397590373106,0.220147860486264,0.0827559976910044,0.103384456273697,0.172404115698696,0.251230411943104,0.270181988512662,0.120285764041008,0.275607807790419,0.185130704578134,0.153283506809944,0.163849484952604,0.176333263863102,0.177058565114472
"Amazon8",0.135174212048255,0.101000546621625,0.180259343732558,0.134270983412792,0,0.119768938843375,0.0794870109143472,0.116694432143061,0.286017096569814,0.194396718742812,0.182313047363393,0.159102935765212,0.264899106220987,0.183916442934802,0.131358452656936,0.167544295728326,0.0874645215278184,0.248262781361488,0.245086091699389,0.0991302779752851,0.274497005974219,0.106258431046602,0.0999075627654449,0.113441184637435,0.155539918742984,0.220349856932883,0.229655081154381,0.256943385200389,0.205003330472604,0.223756537955381,0.220977394404414,0.186137597594199,0.169634573741844,0.129601856301656,0.0402710409106514,0.202693793903947,0.20655664371081,0.213567200855563,0.225377298397904,0.0958545093115512,0.137867118518089,0.137654585096565,0.109671970070235,0.17219383830402,0.159822138175897,0.162976331091745,0.302222436621714,0.210398341236723,0.228548559508727,0.277398142756861,0.175165978177444,0.290183358875056,0.312798549723681,0.091667028556041,0.0534126613476344,0.178343421598555,0.280493347363266,0.0674302004035139,0.156598729421582,0.217742697331706,0.229344651795387,0.0653913055104943,0.22527384634056,0.285327775633838,0.0251483003371519,0.259399728064073,0.134335990278777,0.128031592356739,0.247669562063977,0.184615586828885,0.111018816916298,0.272583487479613,0.148895646412977,0.0838409530285977,0.0784304504591899,0.11240128302035,0.126357598201241,0.201368064414952,0.213552196705969,0.131927369423213,0.178333717091342,0.0929926254659052,0.149098701632088,0.238170071603382,0.255495872371424,0.14320811500203,0.0781972696487401,0.189698381617889,0.270098000386131,0.284633620064518,0.0963541717528926,0.29125354730164,0.18221778569167,0.17253456946745,0.200230584850136,0.22593389427888,0.22323458866969
"Amazon9",0.163782980361854,0.106856794790403,0.164040765340658,0.138533012851692,0.119768938843375,0,0.100607284051659,0.137273872133374,0.314443475760555,0.243184330332179,0.194729006070404,0.220463196744484,0.282566603849714,0.222839365021297,0.11950470480359,0.199178252876469,0.1227377811293,0.275967312497596,0.249467029155993,0.133377896820492,0.254931125107347,0.134127588589719,0.119571746719957,0.141734063020775,0.186338504263193,0.235100295463547,0.226700061204769,0.25719669908807,0.260844612212451,0.237418057191297,0.239892954015176,0.237046055807231,0.182951019457414,0.179282687207353,0.0917035791196034,0.215915266516917,0.215638785781482,0.212530010238601,0.28078837499157,0.135608488663661,0.156785052658109,0.169877949010475,0.108688896229509,0.185478189054344,0.141245247582413,0.191128508691512,0.282893192226202,0.242200851653419,0.258066513052605,0.332411299726354,0.176067462318432,0.298933050743528,0.325045892004927,0.138573753261002,0.0889250796553536,0.203092737796327,0.300114992164746,0.0486831483720416,0.191456643527536,0.221177525681321,0.27551628811008,0.112956765155302,0.242566773638093,0.299285049165754,0.0576225632164774,0.267410713496562,0.125749325576368,0.126738807496913,0.265951004838116,0.168740910918717,0.141031689852659,0.271901778470926,0.10434693583387,0.0903447315490242,0.125728923214562,0.144228634417671,0.140718564729521,0.16655060305462,0.1891165889502,0.134977036774424,0.216608973698774,0.142744490162513,0.182924967768332,0.287396694362436,0.27436140720879,0.192012516041603,0.161945635385777,0.235283339196552,0.254803843665269,0.301307365148541,0.156382950082032,0.318041806484861,0.18757086269103,0.232981990469296,0.226738595569301,0.283339150550564,0.234782746892715
"Andira1",0.347792094148906,0.321196515401721,0.120242793793957,0.0691806691259969,0.0794870109143472,0.100607284051659,0,0.232904021378981,0.413474708711748,0.329113508490666,0.123880617511311,0.340635105728471,0.315069806146442,0.329485285319869,0.0844742068016675,0.211589762053281,0.289173840521994,0.215793804227347,0.445684033133338,0.203006699465874,0.216197792477265,0.257209616589709,0.240197712437032,0.298561811348594,0.293647146964528,0.381141440916746,0.182038278561387,0.40374397045842,0.38894420327115,0.389337273111102,0.34406966722274,0.354922786477447,0.132096375244353,0.35993715974334,0.218503554327396,0.162359735499489,0.150323559519181,0.160512351717026,0.394348338644058,0.283531605401291,0.0760750101614115,0.137244580499222,0.25647912170164,0.193434096433469,0.105753301671326,0.347147646510502,0.252573187694862,0.216756799213015,0.337302813980455,0.359033626680542,0.358621891269944,0.488972172078858,0.50476350742075,0.281105090687115,0.19102626201486,0.360907467120786,0.262271968738477,0.0382896872596274,0.257844211517797,0.141200310925153,0.237318313674045,0.237682074498358,0.336809739131591,0.445474612643782,0.144104251876082,0.411458215176423,0.0761226212149517,0.274006124567205,0.317384898056351,0.124052898507333,0.280004518424846,0.460632149628814,0.080389336513468,0.292021849822375,0.179843074013112,0.209405354502645,0.328845063427117,0.125921738114387,0.157788863153625,0.0565514306087087,0.263667755231933,0.248097993901697,0.110753727429143,0.296862742104952,0.433756867988666,0.141099145940738,0.166697116350168,0.370976285242399,0.201504378868205,0.458536131544038,0.297068434215391,0.490383399339832,0.124037314280738,0.388298182764657,0.375976743355812,0.395363516048028,0.409698847799409
"Apaporis",0.350062287884244,0.442816752771596,0.146836401990446,0.0928905326765487,0.116694432143061,0.137273872133374,0.232904021378981,0,0.411783567327915,0.373627555047626,0.106609424747923,0.411505553356052,0.261016143695503,0.276263756729693,0.0615689212592911,0.156053090327194,0.256712811054765,0.0982199528092453,0.419752739697838,0.19136360160646,0.149187878132204,0.373262525881058,0.407615225261823,0.374328108550492,0.34793270550906,0.442944422770903,0.156562887562823,0.45124142298653,0.302552033634877,0.43525947568103,0.294815204798149,0.237112360940673,0.145532666801091,0.390555913406766,0.336228473371714,0.121404276360308,0.108410307801049,0.137934699622601,0.392169754999736,0.301261780782015,0.100064909149637,0.182487025967102,0.218861185410753,0.136319685507179,0.0882473047668494,0.265371859611045,0.191003590803934,0.174837470638886,0.271361857755026,0.374856383027005,0.354169895009475,0.431586365850351,0.549402553763837,0.346990334780207,0.324408117153873,0.355141775660948,0.190255444531469,0.0637118634235412,0.254051878648628,0.108018488728223,0.175937249635678,0.398885555787846,0.269297736803492,0.482607586180423,0.205137793639238,0.341504005940071,0.0927954484033045,0.259856440272288,0.26684800819618,0.0651492242483372,0.373581655948966,0.526016049339088,0.12182508352753,0.285197869121033,0.182828179067119,0.207684201959786,0.260275664703091,0.0652758129675468,0.107245917766243,0.0738258510484931,0.173435539020686,0.383955657555124,0.112435320332832,0.22245220774123,0.411076200490079,0.153726995971334,0.153373768583928,0.271156959959339,0.128141021111793,0.477592033292369,0.282589953039914,0.531090336947571,0.114861755728024,0.415069689796162,0.421963861765884,0.375323078344632,0.413497557881222
"Apurimac1",0.337099695688644,0.41060354901972,0.313007890541884,0.267359587136642,0.286017096569814,0.314443475760555,0.413474708711748,0.411783567327915,0,0.390415781634925,0.246642125613398,0.364594230458269,0.101789431839199,0.260997555032168,0.242088826264414,0.282950354259309,0.376258180212073,0.13976589520725,0.181300556818988,0.36653233085981,0.13018727365057,0.483513128651089,0.380172843688873,0.357643183912398,0.441797160375169,0.256637304296692,0.190296842176923,0.100080300797914,0.318345946779691,0.226206208161884,0.244657046347405,0.295092852790501,0.290763714287444,0.374961003259067,0.440115731763257,0.275511059772284,0.254371695070253,0.217832086011581,0.306803992649166,0.350181356776336,0.294386625480046,0.292527895495374,0.315639597466563,0.282510845968399,0.24617113580231,0.302743107324247,0.052061180411708,0.249170570967508,0.264227268803025,0.0840908822756702,0.281717260659614,0.154379709194817,0.105382065049626,0.381352573440964,0.440386914022491,0.354549255770921,0.12841009243141,0.227717539606966,0.303097803682068,0.270156815994253,0.271052167288629,0.395211607424536,0.223079788241548,0.105345409974935,0.689695206189885,0.141524272133385,0.261187022625134,0.380669536090662,0.177637845953295,0.197215492443528,0.398773438428618,0.207485380905593,0.255938946169169,0.367735498541419,0.382828783130683,0.30075835684437,0.352581146250437,0.227621002676742,0.209074992891735,0.256619231088331,0.262498389037938,0.402478182081814,0.280699664513835,0.289495295143728,0.2586294554831,0.311538152225662,0.334830870985664,0.211293049594673,0.154011200889876,0.075274347412828,0.365252919592863,0.0491503128280035,0.269591211838767,0.393898685625035,0.384560704325201,0.314378104550758,0.316195335986597
"Arinos",0.367474678674681,0.386971572521356,0.173315650368959,0.140073123532417,0.194396718742812,0.243184330332179,0.329113508490666,0.373627555047626,0.390415781634925,0,0.113163593160814,0.28248036835387,0.281535770965074,0.261934022790757,0.122173446451294,0.220520413217744,0.312617094936184,0.186529360206703,0.384641127203931,0.303676621878005,0.213239145596624,0.422144325640662,0.351784344200236,0.385709099735881,0.299764484716448,0.471532218338142,0.126661103159706,0.420663018352382,0.209657874045802,0.431381229848889,0.284830706408208,0.205234182137803,0.202943400142048,0.321060795795324,0.445356966237868,0.212460008946742,0.140256453424914,0.199234438501304,0.108902360331424,0.326215057957631,0.202142827795998,0.234413595700656,0.345621687885268,0.251302406415336,0.16271210252892,0.31969746942074,0.221196958642219,0.206602648828564,0.272825190342997,0.346300595294286,0.404206803095403,0.405294217369408,0.524852004667548,0.388292071426559,0.396134113782152,0.314963829497939,0.213396554502918,0.146502595122873,0.312069091134967,0.16347010567254,0.196101541458988,0.421711929932459,0.287270193085224,0.461181100697212,0.295739605400396,0.330570324046929,0.183582480619819,0.322888741156611,0.279448145261173,0.147152279438565,0.386595078695435,0.489917108219371,0.193042120805194,0.364458293756091,0.281730140027069,0.301789099758426,0.303621616564841,0.161081220057396,0.174101811556248,0.0966027863892723,0.15867477900479,0.471818983241072,0.205664779261022,0.0515135356628931,0.404064763591972,0.204747295009643,0.234546072273746,0.264377534102386,0.219612992043786,0.511043803196437,0.341155682534446,0.488071969097172,0.111292902241533,0.293964412203485,0.373223960845259,0.151772238403371,0.372869722889984
"Aripuana",0.108235830290755,0.124226446339036,0.215346796302064,0.18681457815686,0.182313047363393,0.194729006070404,0.123880617511311,0.106609424747923,0.246642125613398,0.113163593160814,0,0.134461684703197,0.263581198572052,0.191517465671293,0.143397883582512,0.132145890718189,0.108381933402856,0.228417802617383,0.210651530146104,0.109120293712359,0.270520362646428,0.0937089206223468,0.0951201234602952,0.143413931240588,0.112057161022576,0.18420215932702,0.20861370098737,0.240805920271339,0.168134067473221,0.17905660410444,0.21922187674234,0.118313656817287,0.219584489974795,0.133495334158445,0.0626332113942807,0.198981375982355,0.154170139466559,0.211596026821594,0.126578701593174,0.122305131882408,0.175452639773681,0.131206674998463,0.105175590875049,0.158782982327928,0.135245631528837,0.128942851830163,0.291622320605306,0.183961400186217,0.232466322309236,0.239428515986961,0.178335740951272,0.257676775151871,0.280369946241172,0.0610359002030305,0.0772980090848197,0.168596204920411,0.259450841703976,0.134509686376765,0.190140476787092,0.245534752216422,0.225730751348965,0.122615387214995,0.208859631203837,0.228298404636755,0.0676923088031866,0.234424653904729,0.182804734865288,0.135529731719922,0.228536300566366,0.202138219901631,0.0173282663059464,0.244549743772103,0.20344278391608,0.151302578585515,0.141054167814019,0.17069060198187,0.163817713516909,0.21292890315449,0.231594626901974,0.15418097548733,0.144583614181287,0.114007218583076,0.189239005447728,0.166615139551117,0.215582076602265,0.165660498906518,0.149043795461433,0.190319031693652,0.270380952269615,0.237201235174987,0.121341283952914,0.25105199782638,0.202664168004935,0.147948455187431,0.168374450502308,0.151044497853827,0.214540925983648
"Bacaja",0.368559297481479,0.421390749787463,0.134920941269767,0.130431937571219,0.159102935765212,0.220463196744484,0.340635105728471,0.411505553356052,0.364594230458269,0.28248036835387,0.134461684703197,0,0.287130897193543,0.27112587556418,0.104288146613015,0.197079120681568,0.338840812049033,0.176449692583978,0.403713604524847,0.255812639985803,0.216109000109569,0.306032365741578,0.398531624574581,0.402264826481361,0.214004885034982,0.424672342983084,0.14658104166557,0.437423159854837,0.138350840030266,0.448710420195941,0.288340088773194,0.222047422209227,0.206305544823531,0.302334848794274,0.411664016287837,0.195026206495258,0.146639786648009,0.210227477812665,0.304651622475134,0.331678828507456,0.204457767651148,0.218195225392334,0.337462586769982,0.271525049461256,0.158730413615225,0.300754420666979,0.200957415379556,0.215034036717487,0.287327450062663,0.34288532503751,0.400529413284093,0.387128609213212,0.520145730745065,0.419372902268651,0.388446299161352,0.363195557752367,0.242378049006274,0.111533206897551,0.289479056153309,0.162015539420476,0.185145377345927,0.435582878036791,0.298294146098768,0.475549239460066,0.176099015223643,0.32978055883624,0.14950501979018,0.320780956221316,0.268780004585468,0.150425167506942,0.335870160946128,0.512437661286667,0.176289762165162,0.370602201965695,0.278720678701595,0.291436822454776,0.311817099122636,0.169557412617654,0.186078428637844,0.0515442921707097,0.143349577194927,0.385536424766966,0.178053408879708,0.129479977216253,0.422312148606873,0.184294046470015,0.214611097962577,0.283383341653812,0.193138122364086,0.480653099591588,0.352886160117485,0.491925552486985,0.0100136832136754,0.221239075343622,0.273687160674074,0.248328769724945,0.414988184260254
"Beni",0.149612702071903,0.255017744469438,0.254088813944704,0.23318862901571,0.264899106220987,0.282566603849714,0.315069806146442,0.261016143695503,0.101789431839199,0.281535770965074,0.263581198572052,0.287130897193543,0,0.156745006010285,0.240435169596006,0.295921817159312,0.318515670671402,0.292001931173173,0.0785217483236086,0.317080032508774,0.191739207407791,0.276336219103156,0.299831283585561,0.333149632452768,0.225236493789212,0.0671528053779443,0.111932782600139,0.181423417014997,0.35440237030239,0.0734458861896498,0.150420057581621,0.320088419773525,0.250093984270681,0.30907953739438,0.300540571007274,0.223782975720608,0.232603964681414,0.232691728735081,0.310645819819661,0.295959473612458,0.263908708414419,0.290532165509346,0.290863571591853,0.270152956820658,0.136821559904803,0.213325979640289,0.0850754435096853,0.168007481486611,0.154115415525702,0.0308370404858413,0.200989919425365,0.262719313064058,0.24427701195687,0.353989200798079,0.273252886576484,0.241975180616126,0.243214009171268,0.20494740571535,0.407821923073506,0.339239145491581,0.39849225141267,0.307003399280193,0.159059078250192,0.202484356790154,0.158139231308828,0.248542558331409,0.23446080553433,0.26448020945203,0.247290147211228,0.181685885882842,0.249872518061316,0.215925702545172,0.2189578248394,0.248572660031619,0.311462533080713,0.29934471665017,0.268918520653796,0.166885015359192,0.18164878008679,0.226760280192566,0.323007903635096,0.246079007433188,0.272064983684692,0.364346547459774,0.285056245316003,0.34762152698706,0.364949179364292,0.331594385204769,0.190475158293621,0.172062990285142,0.339753775071086,0.185940272624319,0.264962879249287,0.325330916438651,0.28550048222271,0.316910298219903,0.106979883252548
"Blanco_Baures",0.208244580908249,0.313677496745838,0.179672728972217,0.156112866565974,0.183916442934802,0.222839365021297,0.329485285319869,0.276263756729693,0.260997555032168,0.261934022790757,0.191517465671293,0.27112587556418,0.156745006010285,0,0.157609856323583,0.222915609883687,0.351428141697783,0.236604361986356,0.213880432354866,0.328768282920775,0.175911621837688,0.302543425295409,0.301743555809816,0.338845106534977,0.222267777201224,0.211585240396466,0.00823997563955063,0.286289375443269,0.344229542694108,0.163180797000784,0.127937132764013,0.326911100745944,0.199364053043071,0.307998805002926,0.300635408170221,0.17164375392327,0.147723274916651,0.195759232263771,0.327579466857872,0.315940046625188,0.20010110579348,0.22259120761735,0.332466560965419,0.22672358263406,0.0877276459657164,0.256490570930139,0.117834013981003,0.10442031258104,0.132368268480208,0.268475996361096,0.262609091031009,0.372383315920641,0.379748883701081,0.324589502463357,0.309067882870346,0.273887415965544,0.21987842018288,0.119671248824872,0.355169926450606,0.252119780979519,0.286227894132446,0.316896545191291,0.201224598459144,0.308746803171445,0.188377138065723,0.342956797213519,0.153526888373971,0.307135809227837,0.260741279362378,0.141301626617912,0.264649292504206,0.333671149332882,0.150789387009769,0.306723170549846,0.296827501312572,0.281327490445394,0.329285880134615,0.13446407054329,0.131902805888058,0.141742048053363,0.308632772551594,0.25641506017571,0.192442286811227,0.303621372892654,0.3231936588579,0.261828969374904,0.331243243822054,0.321618828967187,0.17969417229834,0.33871671494112,0.342106485951917,0.338723222554745,0.177318480585477,0.304835967939534,0.30271419888817,0.316432000083417,0.160953506371515
"Branco",0.118547673582239,0.0873728386981337,0.159290204309278,0.157554343834561,0.131358452656936,0.11950470480359,0.0844742068016675,0.0615689212592911,0.242088826264414,0.122173446451294,0.143397883582512,0.104288146613015,0.240435169596006,0.157609856323583,0,0.145675455265094,0.0813050255599542,0.186935114219853,0.223058081087783,0.099764200258058,0.251567750250245,0.0612658320606056,0.0697183436500239,0.0467597170087267,0.114968875590225,0.199576483328599,0.227513926898525,0.207287816204741,0.14876974443307,0.185524612005784,0.193345604726348,0.104024346480362,0.173948657248287,0.0915437181918736,0.0438155226112045,0.176684662267514,0.160311158291668,0.186969836840309,0.160521566770811,0.0883021227562054,0.135052339368816,0.139711354367814,0.10681906822204,0.164636352188825,0.198101867167699,0.142508346272833,0.264632745758493,0.189351402685965,0.211821341512575,0.253061576659388,0.152927948827669,0.240408199172471,0.256274829238832,0.0580345726033846,0.0581546486562812,0.147480084277084,0.229772412627928,0.137837082965397,0.0856397527981503,0.122887814804701,0.130496525651287,0.0622045278060013,0.192851635942077,0.222400519896848,0.0198593944803113,0.213005387643776,0.147482225375545,0.108447186279579,0.206933829705078,0.220720011261149,0.0634041639462323,0.217865742777513,0.153970210704747,0.106664777740384,0.0958089091836571,0.137066799244606,0.143676530934221,0.223068159514075,0.232802783801333,0.155324456343415,0.106058417669052,0.0536459163149388,0.142382505544993,0.15599838108592,0.193217768527931,0.0955239741001237,0.0878704809165575,0.12817236402131,0.239244509751769,0.237152878553818,0.0458326926866864,0.235403253543453,0.173246585232675,0.129095632009137,0.148821899359163,0.144399102361636,0.212185731978963
"Candeias",0.137660489509194,0.180508953699919,0.196023454969533,0.152494226667324,0.167544295728326,0.199178252876469,0.211589762053281,0.156053090327194,0.282950354259309,0.220520413217744,0.132145890718189,0.197079120681568,0.295921817159312,0.222915609883687,0.145675455265094,0,0.215580674692349,0.245892596150366,0.230673024280096,0.201502841332367,0.196411208218981,0.244073606643354,0.18059505660974,0.254157739244397,0.210765946065547,0.232645580133211,0.14569621950383,0.265544447112193,0.25257619285975,0.219010789053721,0.251082258493444,0.238436242541255,0.185047724344924,0.20567734100111,0.203204287145847,0.172799793112528,0.102500181840782,0.17870976294347,0.25589479431998,0.201619487250303,0.185588168087209,0.196482890614588,0.186929378233471,0.212958969658688,0.0675273924840166,0.173585918668513,0.218141295904144,0.196730430720765,0.255635335849712,0.268151547862847,0.202489429386582,0.302459004449234,0.324222366959435,0.176540349036413,0.18302383649751,0.197243867647173,0.260154635202825,0.111674572425546,0.306399033177207,0.245006990601114,0.317258219635562,0.238518462942818,0.254775213498616,0.289044884523271,0.0578376508661011,0.275439274346702,0.128939016432597,0.172468700095947,0.276745491738878,0.137978721798973,0.12636934250376,0.283095570756613,0.159733185831499,0.189250464354849,0.210700602341289,0.236017273756014,0.204970070360959,0.132957036973021,0.148154865141662,0.131542409677259,0.247339608425082,0.184418128361958,0.184117393811702,0.294381443680158,0.248070682647671,0.247744150108243,0.244389389408543,0.24566681810325,0.208390681459148,0.298122168965922,0.23000523952088,0.299332565118893,0.167577035607912,0.230058356808976,0.236927126491701,0.25556840320237,0.233439881635725
"Canuma",0.336446566348073,0.307274713054455,0.125562735940399,0.111382969738476,0.0874645215278184,0.1227377811293,0.289173840521994,0.256712811054765,0.376258180212073,0.312617094936184,0.108381933402856,0.338840812049033,0.318515670671402,0.351428141697783,0.0813050255599542,0.215580674692349,0,0.239183645529462,0.434069637783328,0.244986202864827,0.234727958973379,0.213737744505364,0.285829161749952,0.303070788432849,0.290671783841672,0.392573919956039,0.181374691601145,0.453829496764799,0.380703997977602,0.400371429844421,0.362403786776821,0.328359963313518,0.158686576068364,0.322004151955155,0.213911797372513,0.177405384492322,0.16312301486425,0.187679275465931,0.376351012903064,0.305733286762814,0.124244491201661,0.14408130461086,0.250114408215251,0.230472960714944,0.117659991932494,0.302141448167822,0.255318512789335,0.222002073028283,0.346041480373056,0.364727205273926,0.374571954178563,0.488371467070651,0.500270196611307,0.263147775886408,0.224044955809909,0.372780477259942,0.278011474422616,0.0560994297798428,0.22620839353684,0.120283074866216,0.244949312552771,0.304374959964301,0.354728630442128,0.45492230042744,0.172173851622618,0.416674176249378,0.0920870785221883,0.317728131744449,0.314175614426352,0.151106792635651,0.276281643730136,0.464052646556521,0.100027829462925,0.351806600085611,0.21845400796093,0.249393053447221,0.321582173718096,0.144726275023273,0.167827574303963,0.0764351559405962,0.253028153684531,0.305416365619459,0.139025932986928,0.259104558313697,0.429754748219441,0.137710843819919,0.19183434993765,0.380353861578566,0.231708940622714,0.442826246839631,0.309112983767357,0.474011018332741,0.140338232933805,0.329918078828112,0.364814714780167,0.38015514608843,0.426160644647281
"Caqueta1",0.191434388067609,0.197732538342814,0.265580842989185,0.224173417643955,0.248262781361488,0.275967312497596,0.215793804227347,0.0982199528092453,0.13976589520725,0.186529360206703,0.228417802617383,0.176449692583978,0.292001931173173,0.236604361986356,0.186935114219853,0.245892596150366,0.239183645529462,0,0.200206629262827,0.22297112239357,0.175051334794858,0.199655511152565,0.178543467850592,0.261956697866099,0.165088275803769,0.195029571718567,0.22907198904839,0.183659964158028,0.277880001323664,0.20030856033214,0.258394504510019,0.224359255854157,0.238969181266184,0.225065153879315,0.185660554823032,0.218124117383042,0.232392853625003,0.214648134260576,0.231421102491739,0.228103262432828,0.266149442951957,0.298487746394906,0.273335922992325,0.283692675790058,0.185174325844624,0.263730790953948,0.237492047540304,0.289707467977966,0.27637300261053,0.127193024328698,0.16683166634486,0.210203042628103,0.245056982129573,0.242356737490062,0.199254327922086,0.144715245038739,0.222797162405686,0.169676431214025,0.313070387685016,0.278829742653857,0.306178218976281,0.256394310476073,0.255350447064249,0.186996621934623,0.0685635304987952,0.193780281693186,0.215645683829361,0.169230028732248,0.261494497618031,0.100568475231797,0.166761830403596,0.16684353027581,0.243962706890339,0.234770620737977,0.241617379954426,0.276242141562111,0.223681105378169,0.140961076991128,0.1658030986078,0.204206601162658,0.236366674949387,0.148535541420132,0.233150820017091,0.295572920891515,0.16768956067136,0.307430969835245,0.255583053076247,0.194347493162056,0.184790567306909,0.174611413430704,0.253616431891792,0.202065110390445,0.231267347564575,0.249710052737523,0.249404002184061,0.245826372664077,0.235565924924122
"Chapare",0.357227617465856,0.430964116450887,0.226205554109488,0.210955472756477,0.245086091699389,0.249467029155993,0.445684033133338,0.419752739697838,0.181300556818988,0.384641127203931,0.210651530146104,0.403713604524847,0.0785217483236086,0.213880432354866,0.223058081087783,0.230673024280096,0.434069637783328,0.200206629262827,0,0.338126345884205,0.123744146924711,0.380113402438749,0.474588158566714,0.534964542721284,0.297719543351748,0.169816090931075,0.0821178148028617,0.345400005981747,0.380594734525996,0.189809687267205,0.199352890439576,0.381165265777206,0.213722610065904,0.46890199599633,0.494598988491173,0.194125763506584,0.180907064370052,0.185966955255916,0.418136287382179,0.417808268558278,0.237769037422532,0.249308905168665,0.354296607576178,0.223945325987424,0.113891133394384,0.260653703624581,0.0441336837017893,0.14772143808682,0.140207519543777,0.0770172897573679,0.354541679039851,0.311546553374956,0.378445752335112,0.48431895537588,0.471342181937991,0.391122502695026,0.179891591410169,0.187956476626798,0.41839452848639,0.312176632932157,0.340278299259898,0.507126617170745,0.173634416503113,0.331561469144403,0.263986843420458,0.271933237576169,0.209871832922235,0.384485943522134,0.186039413885237,0.147080529310632,0.408996713126136,0.326554905619398,0.193151519976587,0.361103385019177,0.354033784251371,0.30115654696479,0.342015061058268,0.131183950385612,0.146097663629765,0.203766123212927,0.330207319276944,0.405770421937201,0.236559575091413,0.299375253379683,0.399571846672752,0.325611313494978,0.36498053288487,0.405299414534623,0.142969386938864,0.288501811380286,0.472471389447544,0.327452997170742,0.233724978980831,0.43999083969188,0.440254284781653,0.435507431498299,0.270355429264974
"Coari",0.271442805423202,0.234629186248403,0.135496980017527,0.116687095183974,0.0991302779752851,0.133377896820492,0.203006699465874,0.19136360160646,0.36653233085981,0.303676621878005,0.109120293712359,0.255812639985803,0.317080032508774,0.328768282920775,0.099764200258058,0.201502841332367,0.244986202864827,0.22297112239357,0.338126345884205,0,0.179057476839555,0.204456234304975,0.228605618353768,0.266162021324577,0.237214688224928,0.301046127974596,0.187387364025707,0.350434278955045,0.348822319388429,0.294095152613143,0.348914165276696,0.30858825509628,0.131939205525476,0.275282906692211,0.177628037145917,0.125489879563885,0.146916364078099,0.118415528411949,0.335979080006548,0.243090427870475,0.113258485558181,0.159132276413601,0.260432707646219,0.201474058868933,0.095362814381512,0.310874582947432,0.230471791320632,0.217457475077306,0.322241653320992,0.295851691258918,0.24983325053177,0.37427362268903,0.413500736482127,0.239394615964052,0.193626798998258,0.264140076909637,0.239920475637973,0.0433591795985722,0.280436079124593,0.186185942205102,0.297929305415199,0.220094888582866,0.314934428627819,0.353439615333831,0.118882319044617,0.352903326406667,0.0628848795625252,0.196379381989006,0.298391637109343,0.101150263661903,0.227385659543868,0.365583501501328,0.0981847949519386,0.218088793822919,0.186897486120631,0.188221045570521,0.260217668234201,0.110153751719201,0.12675214473909,0.0981521150489642,0.285449035481176,0.19630640087128,0.101877040825404,0.316313677142003,0.333357754963146,0.18082658347825,0.224793879995793,0.321263963247556,0.181765856453768,0.348126682828438,0.250358851343367,0.37993428672538,0.15230148420309,0.309294025703814,0.332338669834642,0.342987541711465,0.323788446650106
"Curaray",0.137783357198969,0.170401742265475,0.2767594387368,0.272703435253254,0.274497005974219,0.254931125107347,0.216197792477265,0.149187878132204,0.13018727365057,0.213239145596624,0.270520362646428,0.216109000109569,0.191739207407791,0.175911621837688,0.251567750250245,0.196411208218981,0.234727958973379,0.175051334794858,0.123744146924711,0.179057476839555,0,0.193744810392007,0.181682316512829,0.262255408014062,0.19500383411309,0.146359532679256,0.250734584734639,0.116903009852812,0.274246674011488,0.112091751350055,0.188822699872071,0.217555539233873,0.210420611490773,0.20411094899214,0.221367417865417,0.174999697809864,0.24303252993171,0.187347894497828,0.238679801726501,0.170723151978995,0.246531058326353,0.24511028267282,0.19002137601583,0.190549974157333,0.187000691374048,0.187039543998623,0.221859182674167,0.232765557463755,0.191327702680356,0.094002112067249,0.079385256048956,0.0865643939137051,0.14277683896525,0.240767105682788,0.198557596816869,0.0844333196755646,0.0903104449478674,0.226904752365504,0.296376199513381,0.352137665192801,0.321707160763122,0.2476009977274,0.149088947426533,0.137815417732377,0.0980490907476025,0.0948818959545889,0.247483394446772,0.155838656649185,0.181645117201513,0.1465853188028,0.161385740165475,0.0970837771319712,0.262623206200272,0.139155973751094,0.190710037182017,0.180116884058264,0.136493300326958,0.163433418941865,0.159471761946579,0.271417280417768,0.234490078734992,0.151261298722871,0.219987086232931,0.294978226770659,0.104170243762077,0.28194742607381,0.261221441763209,0.210609932910783,0.173927197859933,0.135592200732883,0.252246327076163,0.137691088009843,0.284032551410538,0.247328426044583,0.228121092426912,0.273465623399972,0.169753498165354
"Curua",0.377137341197219,0.340114235896221,0.0575738395214755,0.0861656917962258,0.106258431046602,0.134127588589719,0.257209616589709,0.373262525881058,0.483513128651089,0.422144325640662,0.0937089206223468,0.306032365741578,0.276336219103156,0.302543425295409,0.0612658320606056,0.244073606643354,0.213737744505364,0.199655511152565,0.380113402438749,0.204456234304975,0.193744810392007,0,0.315602211447368,0.298166391284022,0.418150225220014,0.437978844419842,0.15424980689876,0.401045338507351,0.206501428541287,0.432478143213158,0.291046233522508,0.207853226977338,0.152882956998615,0.268981654131983,0.312182140370575,0.160379878844264,0.114631408623474,0.18452195991676,0.320122239604637,0.28468527286534,0.146308894747898,0.153638394337513,0.2747852332596,0.237708187473613,0.129474249676887,0.304049706215474,0.222211722086732,0.200742448489137,0.30344395701305,0.365687908972148,0.319564961957805,0.305828196256075,0.45027833722228,0.295318864368081,0.312095631177324,0.310528902119802,0.204936570842915,0.0756029274119665,0.222183813320696,0.141401006648423,0.20727294604874,0.338038436833352,0.290889768940407,0.435489265960835,0.272059726124821,0.303352845699078,0.0997447488358693,0.277677381794098,0.239886586978963,0.148363269336722,0.388873734591909,0.457332517407364,0.130060545023576,0.339573266325953,0.201945233669332,0.295263481484785,0.251995328779537,0.113415892593202,0.17461208626236,0.0697847264998943,0.178460978946361,0.434050831805131,0.164658381595438,0.141516021075176,0.337493192377271,0.141294273648641,0.145439084226092,0.267933158339992,0.199011119035614,0.543485512228105,0.312440698192833,0.45890659314303,0.099422895142395,0.338651678738059,0.397525651949287,0.292915427290121,0.359934895112392
