"","Abuna","Amazon1","Amazon2","Amazon5","Amazon8","Amazon9","Andira1","Apaporis","Apurimac1","Arinos","Aripuana","Bacaja","Beni","Blanco_Baures","Branco","Candeias","Canuma","Caqueta1","Chapare","Coari","Curaray","Curua","Curua_Una","Demini","Fresco","Grande","Guapore","Huallaga","Iriri","Isiboro","Itonamas","Jamanxim","Japura1","Jari","Jatapu","Javary1","Jiparana","Jurua1","Juruena1","Jutai","Luna","Madera1","Madera2","Madera3","Madera4","Madera6","Madre_Dios","Mamore1","Mamore2","Mantaro","Maranon1","Maranon3","Maranon5","Marmelos","Maues","Napo1","Napo2","Negro1","Negro2","Negro3","Negro5","Nhamunda","Orthon","Pachitea","Paru_Este","Pastaza","Purus1","Purus2","Purus3","Putumayo","Roosevelt","Santiago","Solimoes1","Solimoes2","Solimoes3","Solimoes4","Solimoes7","Solimoes8","Solimoes9","Tapajos1","Tapajos2","Tapaua","Tefe","Teles_Pires","Tigre","Trombetas1","Uatuma1","Uaupes","Ucayali1","Ucayali2","Unini","Urubamba","Xingu1","Xingu3","Xingu4","Xingu6","Yacuma"
"Abuna",0,0.046971033968634,0.234730930274248,0.265961165540097,0.240507092454381,0.209560673255095,0.0459367741934594,0.0493903493781835,0.470400082278116,0.107192772256615,0.253202476348192,0.0470576559026295,0.170559858636895,0.100800778399591,0.301762040185086,0.179519123820927,0.0434765087329366,0.183293242266358,0.00496254089892451,0.0960723707867171,0.24830131184924,0.210659822068708,0.0410105444679262,0.00662777762053974,0.199330533200567,0.0950707247051015,0.291497912991081,0.00479017503826312,0.0572601493969253,0.0315113792368941,0.100193408125629,0.0515736434863252,0.227281114991492,0.00435460582899007,0.0628708845266139,0.230316580853668,0.256118230982056,0.232019181312564,0.021009998719063,0.0573385307663626,0.214767077941068,0.192878441991377,0.104126136239674,0.177701955525198,0.309686664286241,0.0950804701219387,0.257290094472718,0.219401459303205,0.12498093707296,0.592674737549868,0.0195833316256995,0.0406273865727852,0.0298211031827572,0.0101804325504716,0.0212415621481904,0.0229400595161337,0.199733211642875,0.31690743122187,0.113625418530763,0.227192212185282,0.157210885552214,0.0211034627289647,0.125603766443632,0.0253075249785229,0.542569963869322,0.0728879422771629,0.264755141931688,0.0342097415811759,0.146710988988892,0.292783718273342,0.0923427115749218,0.0499239391471536,0.252553627264029,0.0533675496115775,0.101588285726653,0.142119906356592,0.0798748172201561,0.292952542984398,0.282324149283387,0.284199677517739,0.110507433203807,0.138534139217247,0.214831131119408,0.144358531012856,0.0189779032354892,0.184497369079008,0.119984284620687,0.0449545053161481,0.240748489631589,0.158114191322176,0.041011871697932,0.032551655242556,0.260508614835893,0.016505592169098,0.0914032621503192,0.00434859909921005,0.00528378653788746
"Amazon1",0.046971033968634,0,0.323716856736274,0.34675356793681,0.314479270840385,0.289015659932983,0.10115289677014,0.0039874425212952,0.393604340277274,0.0559591607555746,0.311206840221219,0.00471677746017968,0.205328203243607,0.140473390233188,0.374737651450848,0.231849418953528,0.0998945086656101,0.241254937105731,0.0425400110115198,0.160049727279323,0.297989600803998,0.175499882409231,0.00812392966420106,0.0411721041790218,0.135378948658236,0.0346946612693388,0.31499276852364,0.0402050246928327,0.112888250919137,0.0168074446624938,0.14279713346814,0.105050630623812,0.295214269768458,0.0552950195318642,0.0190930343474275,0.278735803236111,0.299910910678927,0.292293606189847,0.0262669290320662,0.123740193923165,0.288263362061187,0.260524494256033,0.165078418556554,0.237735897597542,0.344186006885239,0.134529035177767,0.287179056940183,0.257414553531532,0.168359799177348,0.534713221021731,0.0673765413621974,0.0851705673617098,0.0104780207123335,0.0386918418041473,0.0283730824112555,0.0731096428458235,0.242174142580422,0.396074104846788,0.182413295408632,0.294741003203163,0.221225933727304,0.0261870448095621,0.168271010096058,0.0177691077640975,0.437192186830345,0.117648078690652,0.334058129709133,0.0936135506075931,0.191487174550815,0.34887005946129,0.0363327372759902,0.0061362366697322,0.322979850464084,0.120694890574357,0.165422978588311,0.211462733602885,0.143256832704042,0.341090034005505,0.33649306482896,0.365193915525292,0.170521534761608,0.0995873820234328,0.285483684970874,0.191180008678703,0.0618918274482953,0.260577179609872,0.186125484439616,0.101622509158781,0.288896030110108,0.093745861670467,0.0939361336201429,0.010242133241542,0.350340991992424,0.0305950918464373,0.0441194060013429,0.046753339248229,0.042010265769467
"Amazon2",0.234730930274248,0.323716856736274,0,0.0243506889646133,0.00383962992673174,0.0222850154927782,0.183943857742921,0.293608324168388,0.566028003224638,0.351329334921834,0.00737453133237652,0.296581261013512,0.0591121233194744,0.125923379726237,0.0621613540922182,0.0573664063150074,0.186932035656256,0.0381955066350817,0.216508753661053,0.128792701914254,0.00995037264974128,0.52898123038681,0.308875700358269,0.232620278357556,0.47256955010023,0.324214091981638,0.028380188267025,0.214503365562469,0.156370687497302,0.255637104184245,0.118903716669883,0.166893104824916,0.0123891639132992,0.254593116971481,0.328046738523697,0.0120793526766129,0.00303228376741569,0.00864549745932862,0.243326798033727,0.170061268216048,0.0217625555631736,0.0403804216366598,0.121286873166225,0.0558618243749124,0.0397856289206309,0.138085114150334,0.00566613498077357,0.0290827916662317,0.0970521059828964,0.642363863779363,0.203110649018676,0.152950238828462,0.225641977190553,0.238690050117779,0.275309872076296,0.200325545383913,0.0267976105046496,0.0767489388772339,0.0894396433148231,0.00491546166924586,0.0467911673930207,0.273167982623204,0.0972550310459335,0.226717163176195,0.756295628949415,0.128901949028111,0.0192975894905458,0.193603798484141,0.0745477575990609,0.0428921000576242,0.340316430021392,0.263464473947161,0.0122117058429961,0.180551398935939,0.12130281206126,0.083213027270135,0.144189513130972,0.0400856997331933,0.0320213210480735,0.0444237114473069,0.110676626419786,0.403573261970908,0.0187947428586424,0.0736320145242203,0.186225348905011,0.0429215525408922,0.101446303025487,0.160021030685739,0.00347568595311202,0.35434234290035,0.178481541516435,0.233327141733959,0.0248283610845207,0.252244250841647,0.33615656204737,0.217810139224638,0.223392255972814
"Amazon5",0.265961165540097,0.34675356793681,0.0243506889646133,0,0.0210754580557454,0.0463898931852589,0.21872716769438,0.333749052029456,0.609888612855774,0.384423746042209,0.0146445165824013,0.318831296005986,0.0814799978728534,0.151889767639729,0.0394228655519171,0.0833889417787469,0.212925949115877,0.0613884560831003,0.240432793507717,0.155023816929327,0.00993285278494168,0.529738649817861,0.337389820567246,0.268145915115803,0.490462252598049,0.346487436455174,0.00750705478805118,0.235246937916605,0.181605014176582,0.282242926861494,0.142994184310399,0.194521948418545,0.0357826962973584,0.270361082544199,0.36160952777783,0.0346581596366202,0.0203467525464297,0.030556071191136,0.277445169461014,0.202959928123285,0.0461137529637287,0.0650431177791458,0.150977958696107,0.0807680588677981,0.0172656672301601,0.164598546650759,0.014322272593181,0.0524267489609929,0.120285330556353,0.664263815686009,0.230233535589232,0.175823347973922,0.248023123508213,0.277028723967354,0.312665253746382,0.226116613180981,0.0478005827528789,0.0520757739563075,0.117491245911711,0.0160296197075451,0.0709746877982333,0.317755392902012,0.122176307297971,0.248318703946958,0.778625169729537,0.152442445906238,0.0045047986011924,0.221581427917365,0.0961053256277544,0.0202873662787623,0.380113853071532,0.28827419357335,0.0108699764436476,0.20719502369338,0.149741265760235,0.11016495350018,0.172198463333018,0.0182892131215166,0.0104602371640722,0.0198208288166201,0.137341548867281,0.440919772649581,0.0431202816787888,0.0987047925664662,0.211622356028059,0.0714804830911086,0.130256076528145,0.193185418407944,0.0207179103345191,0.38154083104976,0.212070415755174,0.254425188459002,0.00352266785165505,0.27669733106302,0.363130418272956,0.249185868024025,0.251541703457249
"Amazon8",0.240507092454381,0.314479270840385,0.00383962992673174,0.0210754580557454,0,0.0260324459863381,0.195038881802827,0.3062500460799,0.588952582482524,0.344305735412375,0.00581289869594738,0.290461385049252,0.0604005303382216,0.127614353508133,0.0616997851184462,0.061811222681982,0.197617381203114,0.0412860954274478,0.213254129418879,0.136780851066739,0.00800132574051459,0.503442917199462,0.305612711305195,0.256380263777473,0.445794375593795,0.317161520879318,0.0259027772680918,0.210705293000936,0.156187957649711,0.249920618534339,0.120162105051123,0.167103061292103,0.0152369282190478,0.244216280108751,0.362542056742834,0.0148570627817522,0.00371755655016109,0.0110395084270599,0.240462879136629,0.178412511858247,0.0250315318318946,0.0443952439025018,0.129635052515679,0.0596465813668758,0.0381026448718033,0.142037922909233,0.00470068785669559,0.0317065152828319,0.0974544377792504,0.668724456819911,0.206053802959277,0.153870183680587,0.226737940637318,0.266788640534946,0.293242953440259,0.201668525240081,0.0287884825162939,0.0771452148485683,0.0973524909251543,0.00412568043372153,0.0518314744444076,0.291839937301481,0.0992912028188798,0.226743779812002,0.784379095137055,0.130975280132784,0.017467296540941,0.200358111566895,0.0762736296250172,0.0404541691308621,0.35671553835296,0.261914667150846,0.00979482757494828,0.186382497236278,0.131369102415816,0.0901203364891316,0.150845031437121,0.0380518524498664,0.0297085306283079,0.0405270875942247,0.111810607806803,0.43934787993244,0.0219709635020094,0.0752804695026262,0.185160798886931,0.0460322747840892,0.111884239330019,0.170421611116508,0.00433523893986882,0.36120050453057,0.197017860523859,0.233702910567633,0.0221029774812668,0.25229715704069,0.331384444921154,0.216962444507728,0.220184813404509
"Amazon9",0.209560673255095,0.289015659932983,0.0222850154927782,0.0463898931852589,0.0260324459863381,0,0.165013265532489,0.276447418143492,0.55884509250068,0.304927853783963,0.0289171328412495,0.24876097029029,0.037832732154191,0.0990075134179761,0.0883807639535253,0.0358775907317206,0.165107633747497,0.0183993698865931,0.191431461577331,0.106446317432821,0.0300275738952878,0.469968447182796,0.275682379429309,0.224750531546078,0.411906575377199,0.292072716806896,0.048801294361893,0.190263248652869,0.124092469433505,0.225124322590212,0.095216424225248,0.134910098682581,0.00924968345261537,0.207737421279033,0.319851006301657,0.00867068818464187,0.0222836839965983,0.0122898322542657,0.203868733876535,0.145876982792355,0.00317512253820993,0.0182321889900975,0.10387817986995,0.0346906394510629,0.0642303158625414,0.113921977315502,0.0243889284054248,0.00810416593720961,0.072068900794189,0.61488569831721,0.182828661273319,0.132099438018513,0.204751551934811,0.229544478021529,0.257672097358887,0.173299247471123,0.00745485626242841,0.106544680394765,0.0696746226925646,0.0256113524754921,0.0273705905795779,0.253115481131522,0.0749720463042658,0.203512790331475,0.748186925875445,0.108480540240477,0.0434456960347898,0.176045408198405,0.0528868901615307,0.065705080710753,0.323109464508587,0.243222987549472,0.0367267009382834,0.159137779334569,0.0992112624483575,0.0617860490279165,0.123596322732419,0.0642427992253883,0.0545340350397467,0.0658537992255401,0.0837820614681979,0.395579931979739,0.00394316555777909,0.0494929411930107,0.160198158890569,0.0195630567101156,0.0772309766776468,0.139093285650388,0.0195787819357609,0.33714558302476,0.16003132484327,0.206720712270046,0.0459280531770284,0.213113697819062,0.301223251501196,0.181189731577536,0.19593392867459
"Andira1",0.0459367741934594,0.10115289677014,0.183943857742921,0.21872716769438,0.195038881802827,0.165013265532489,0,0.111657157801867,0.435693435506905,0.159008167266676,0.190931569398986,0.0950416784370721,0.0904651229219153,0.0385443691189658,0.255152566821768,0.110269772411988,0.00468347714335351,0.124569128694361,0.0416439883821178,0.0494785243341872,0.174092511809918,0.296418678106077,0.104543170165378,0.0577958192414165,0.25137572760712,0.13202644642751,0.199370677071344,0.0454878717735132,0.01003015950338,0.0721641155409301,0.0391192328295641,0.00527753072585629,0.168648480632206,0.0467893313593852,0.140937523740725,0.162535230137904,0.179087426336152,0.166623884509746,0.0639093731296225,0.010910274268763,0.170002336500218,0.139938260950788,0.0508902408641449,0.114557508057806,0.227817682563464,0.0286060519543281,0.161527739783587,0.135694662604783,0.0582969898055238,0.568913190698598,0.0257141496560396,0.00419316941722973,0.0629039804901022,0.062756747871501,0.0848157352401352,0.022662505168585,0.127915778256306,0.278424527701213,0.0734062172597302,0.184673708649781,0.11193601030261,0.0819780150977421,0.0571090159639743,0.0626668516064043,0.611587914305204,0.021461539435752,0.213458840138594,0.0136873980315429,0.077119926319973,0.226637787870442,0.149072923520731,0.08654951693164,0.20487724603698,0.00666318795531709,0.0586561183891254,0.0891775270480397,0.0273545832196391,0.224550162993446,0.208573495898401,0.241529200448382,0.057514044930462,0.228359838689014,0.166377477751317,0.0812547386459894,0.0220430258224308,0.137427961778701,0.0774202080835523,0.0038070315637259,0.16665007958462,0.177672153036321,0.00543950759503013,0.0645996907966426,0.208063694476412,0.0608675479060059,0.138513292199834,0.0439962138003215,0.0449728376340244
"Apaporis",0.0493903493781835,0.0039874425212952,0.293608324168388,0.333749052029456,0.3062500460799,0.276447418143492,0.111657157801867,0,0.393988491699878,0.0593522983839184,0.314713374678905,0.00389351632486338,0.201264710401361,0.145698975184545,0.382582821323111,0.236032262087633,0.104611014661912,0.268265241331413,0.0413568370936482,0.166363101127659,0.302988021913667,0.168737822848768,0.00547834919965315,0.0400145376973431,0.144655006313275,0.0390053501012532,0.317069149950526,0.0384636882312078,0.112488228914413,0.0157929673106373,0.143427576786558,0.116169513878558,0.282398055678056,0.0446711864723759,0.023765994912411,0.29013813220002,0.308201927865786,0.288217236979962,0.0247551325539802,0.112058218030078,0.288810395220741,0.24576972864235,0.165475676254913,0.243317562029475,0.351907378596454,0.138199522033548,0.283632068558397,0.25655828430548,0.167974688534001,0.532674748203259,0.06855240180632,0.0799000823558053,0.00870299043022729,0.0385685210191332,0.0279640680337027,0.0714224851772985,0.251870401126575,0.390846676624365,0.179732889053593,0.311847088169841,0.235818959534563,0.023229901921143,0.167160965640018,0.0171692631819871,0.504807490262814,0.119193320081794,0.330508910066756,0.0940659034146599,0.186436030085322,0.36420722476411,0.0397631047693928,0.00748708515563243,0.313284304448188,0.110216393722562,0.17552317103294,0.201366032949012,0.136974438846341,0.362596809459337,0.338781889302227,0.358530041728017,0.182749872043259,0.101979188874612,0.287392438668231,0.199620915295326,0.0632064034236474,0.252667213684267,0.199161436505042,0.107251186346074,0.299730342175325,0.10023802923918,0.0998977579498712,0.00910424325955805,0.327708163631255,0.0273888491937416,0.0457281140026572,0.046007079726578,0.0411878896540743
"Apurimac1",0.470400082278116,0.393604340277274,0.566028003224638,0.609888612855774,0.588952582482524,0.55884509250068,0.435693435506905,0.393988491699878,0,0.374244184959235,0.622927825246269,0.426071221528627,0.715587930619505,0.567212582071065,0.641394608270203,0.573366134954204,0.461942509323725,0.693772610373369,0.578994608008717,0.487395790814611,0.720397543383195,0.252443311531053,0.417917224218401,0.45194240873165,0.293685169311357,0.467794035959468,0.676360374552921,0.635857163061111,0.511225885596664,0.52992855798702,0.580423116993695,0.52576671345553,0.580783937309342,0.442693913023095,0.36370173233789,0.593222989331773,0.614745577638801,0.641620283755961,0.479333258502855,0.487102562672849,0.575335872305657,0.57143323391229,0.528347904193784,0.574289235315162,0.632312291871929,0.531223640466846,0.783221990736902,0.609388949765873,0.573792963629793,0.389064664394934,0.520262235352911,0.626199479418296,0.608282932944656,0.433715977889737,0.387163540295763,0.468935809233243,0.707373550189678,0.656114604979076,0.546444022047698,0.602774709736174,0.58470418895638,0.417586396429707,0.60526098184884,0.61510501288046,0.0188958259980119,0.651271538688026,0.614077134658293,0.454810146037954,0.649262664191817,0.674363677932902,0.380745643088446,0.524041068982275,0.616423440571906,0.472202070691137,0.477231358712853,0.552048716757441,0.492336952647083,0.648401361107573,0.661625506394265,0.623854283098025,0.572193442437866,0.338915255985789,0.587252564151417,0.561620605990984,0.537383188772774,0.555498100174259,0.520036071828997,0.586479414197907,0.696876885327364,0.507064996964162,0.469725917200413,0.646639897671812,0.608624371715108,0.421027039613939,0.38390854957673,0.485722345678695,0.483276481501713
"Arinos",0.107192772256615,0.0559591607555746,0.351329334921834,0.384423746042209,0.344305735412375,0.304927853783963,0.159008167266676,0.0593522983839184,0.374244184959235,0,0.383569672958833,0.069038915509883,0.257075120498478,0.214386969016901,0.424605851568279,0.284286265232456,0.159719693230552,0.310291622453602,0.101447174275385,0.205204381709409,0.343102237036958,0.10347750930961,0.0666471949195149,0.0968747028265856,0.0909556082218309,0.0132050372876526,0.396867702221255,0.0948702655127354,0.199262590806777,0.0695625954913296,0.209159737855029,0.193476756396419,0.328618126718009,0.113278892295238,0.0328710587907091,0.324484398877262,0.366588583512273,0.333007183900257,0.120225204872878,0.169320260511761,0.321824839947414,0.294256978985596,0.196642900079067,0.274497776512482,0.388246335790895,0.189019752016335,0.335636830517837,0.312604823419609,0.231433073749257,0.538579969348267,0.118470150813086,0.138083399019556,0.0539415178194262,0.0935264669479095,0.0818715530255852,0.139286385200765,0.31001874496361,0.420487952089737,0.225748091008944,0.359762061020783,0.298100025487907,0.0768543325903071,0.225648988584427,0.0687141230626222,0.404912611696663,0.181435371669334,0.362243466290843,0.148376075262409,0.24554208033271,0.398311865798722,0.019472096213779,0.0406251720025006,0.35237128761196,0.155904452276564,0.217869020101272,0.237842891761052,0.191528601768427,0.390510917248172,0.378021130759607,0.419867142968664,0.260249627547498,0.0380396596514627,0.322541187100692,0.325399184363524,0.119187982213777,0.304149734705607,0.247066165611146,0.1754785080449,0.33138887358112,0.0483983778208458,0.152131037238927,0.0582444673321978,0.399193065531656,0.0994951292646132,0.0103070427112774,0.141768579588034,0.102726394722053
"Aripuana",0.253202476348192,0.311206840221219,0.00737453133237652,0.0146445165824013,0.00581289869594738,0.0289171328412495,0.190931569398986,0.314713374678905,0.622927825246269,0.383569672958833,0,0.303796164186446,0.065121567984429,0.131401688755351,0.0554492149668641,0.0698991024904059,0.198464124471626,0.0472438371952166,0.227570808681175,0.140775582040329,0.00468972525434921,0.514417320771283,0.312291065264016,0.252686697619089,0.472793412854107,0.336161306530086,0.0216018886560843,0.219678716170559,0.168482820384381,0.268953906516075,0.12524278489284,0.186366186387971,0.0192643089355961,0.248168016944876,0.359173065994554,0.0199939512209121,0.00653295812837178,0.0160377088670888,0.276091653863688,0.178528817177614,0.0291640531014096,0.050207259061632,0.135821366873192,0.0659050722838956,0.0337435809062832,0.153158171313842,0.00394655802677442,0.0379121815859243,0.101733370196906,0.704553655812918,0.210133401641013,0.165396436511434,0.241487406834223,0.281208333087698,0.291122330400195,0.20900156600641,0.0343098710754128,0.0661571527758992,0.0985427481821354,0.00379415541861755,0.056956680232073,0.278997844140705,0.106315651399705,0.249220970034386,0.752223022034147,0.140081700462078,0.0113167329906958,0.203815138563545,0.0830482653074409,0.0345440230241745,0.39950065555621,0.276157726672256,0.00474069855081776,0.177815839124214,0.127783834400818,0.0894106004324773,0.149507156459617,0.032518301019437,0.0241644478698111,0.0341331126840033,0.121710707324674,0.433450470654682,0.0260780624122571,0.0875626328648453,0.199744132145612,0.0500933895630666,0.108601104452958,0.175174455764362,0.00730805187358218,0.388719022547154,0.196864470830784,0.25116886618482,0.0164957590211494,0.264676796952117,0.348923596344164,0.242892162100148,0.227210049891558
"Bacaja",0.0470576559026295,0.00471677746017968,0.296581261013512,0.318831296005986,0.290461385049252,0.24876097029029,0.0950416784370721,0.00389351632486338,0.426071221528627,0.069038915509883,0.303796164186446,0,0.193194127105349,0.14569537183934,0.364060912192223,0.223474091192371,0.0921189570655815,0.243894502516895,0.0416181237033184,0.152059607316233,0.278153054250345,0.187786786180201,0.00508257558817654,0.0373705024016377,0.17546153369984,0.0411139711188245,0.319744181088608,0.0386338350221433,0.137725988525819,0.0145890241858952,0.143749891258253,0.117338577029734,0.261275987482538,0.0501154390217324,0.0219517269356692,0.264773866048896,0.293889474840052,0.263019244177992,0.0273238956776724,0.106247177969475,0.254260151599957,0.233982930978359,0.139426454805304,0.20423583032917,0.323646999816536,0.130548759619364,0.279113005096591,0.243019148956463,0.163299751709764,0.560240713949055,0.0627571337948604,0.085270399621073,0.00859149724083159,0.0334432231105229,0.024427156110904,0.069592376725608,0.234658730018331,0.369807432159352,0.170221713776436,0.291890927720216,0.232087394592144,0.0209974168436186,0.159547514570663,0.0166546306026503,0.523967902687072,0.120365669637912,0.308756692439133,0.0853338326434667,0.184935072318893,0.329926178215292,0.0431145991719249,0.00829387387542465,0.292789510316578,0.0961329467733677,0.153916023716813,0.179101623709443,0.126454324531391,0.321109222798752,0.307853426790019,0.365964750197236,0.188207473660161,0.102605474123193,0.265072049456622,0.222307722747908,0.0611558899807365,0.242455623147852,0.183680689521522,0.104437831493939,0.276339173210639,0.10035716473487,0.0891820759465967,0.00916768845702782,0.365269000843119,0.0352992558438137,0.0584683256376687,0.0542577587420483,0.0402103622730854
"Beni",0.170559858636895,0.205328203243607,0.0591121233194744,0.0814799978728534,0.0604005303382216,0.037832732154191,0.0904651229219153,0.201264710401361,0.715587930619505,0.257075120498478,0.065121567984429,0.193194127105349,0,0.0634226569361357,0.115660927282413,0.00617322017062116,0.0932852719742931,0.0194006915506644,0.189004557022217,0.0482295939100315,0.0750057511138029,0.365104237223208,0.185421901219918,0.141455803630275,0.361026484354576,0.313327400718579,0.102487740605193,0.168819276574458,0.0750332850488422,0.228245812210395,0.0620543951422283,0.0852070471619746,0.0479457949802724,0.140373640341753,0.213426556240046,0.0493921160134136,0.0621476423464652,0.0523664671679491,0.161495888553081,0.0824622237140057,0.0392117717401796,0.021860068421656,0.0455683272254393,0.00790472193751017,0.109617652912388,0.0698744855256065,0.0791709646185049,0.0350851506166829,0.0377751435822934,0.884503343036842,0.136802758014984,0.101080664650428,0.192517032114252,0.140077246117994,0.169795260934486,0.126348883093159,0.0320310907222768,0.130181780798347,0.0199392041361267,0.0564537593476262,0.00904440920873158,0.163714618607826,0.039126745392032,0.192545288580469,0.651268634310309,0.07223876414593,0.0781828298677698,0.110697503081191,0.0146306088863806,0.107357945813153,0.247567966702334,0.224568705631562,0.0730360847057039,0.0927300641016522,0.0421254990301472,0.0137318778038482,0.0671565078797691,0.107680452253495,0.0978172193446454,0.0992168198963627,0.0369440792613297,0.315853502689876,0.0411067833923136,0.0107043776715709,0.12159058414751,0.0186472518615108,0.0251966283743245,0.0872091857075449,0.0638341564085384,0.365172157755492,0.0913828424370153,0.207194774203651,0.0800520258778211,0.154185387770722,0.245753433884559,0.138574753851827,0.184070984064535
"Blanco_Baures",0.100800778399591,0.140473390233188,0.125923379726237,0.151889767639729,0.127614353508133,0.0990075134179761,0.0385443691189658,0.145698975184545,0.567212582071065,0.214386969016901,0.131401688755351,0.14569537183934,0.0634226569361357,0,0.189427757516943,0.0645795496659692,0.0404579061259277,0.0781433293932202,0.103762637187954,0.00523441429356013,0.137468684922466,0.311262752023379,0.135111304290808,0.0920198463034682,0.314998243473359,0.210882561487802,0.187386110990595,0.0950379799018099,0.0271599600444584,0.145944325593333,0.00372449673125525,0.034079375612205,0.110844570801583,0.0899556258229672,0.164603989829416,0.114437346447751,0.132289343124449,0.114745179682708,0.108922616647126,0.0289569808558285,0.102341636867297,0.0822139216804121,0.00779551048659982,0.0659828364743011,0.182687812891913,0.0102433758292672,0.141736235312106,0.104760871549853,0.0266151879996108,0.657773464767168,0.0717335166766175,0.0392903339458884,0.113600195706782,0.0972757258869633,0.111460088416526,0.067296636886486,0.0913688150555105,0.207764051718534,0.0268967960358164,0.119350770644887,0.0643097405449867,0.112027096126884,0.0230208019554055,0.117071923169815,0.601877409223025,0.0138801902360079,0.148940928065728,0.0527972798073588,0.0413296141293467,0.175477297858075,0.192212304479803,0.143864345426641,0.142246334193379,0.0337569804568998,0.0100782628080796,0.0400584598081429,0.0112840128285309,0.175233699240564,0.167516082267698,0.172983422381974,0.0143653079858956,0.263953771968844,0.105868257839661,0.0407325833218907,0.0650665171945454,0.0764350786543264,0.0238788173618081,0.0378812914488914,0.12560520412995,0.250269995088307,0.0420430188713214,0.120917948381223,0.150213411055148,0.108470039291559,0.192396744886682,0.088621555455667,0.111609032209726
"Branco",0.301762040185086,0.374737651450848,0.0621613540922182,0.0394228655519171,0.0616997851184462,0.0883807639535253,0.255152566821768,0.382582821323111,0.641394608270203,0.424605851568279,0.0554492149668641,0.364060912192223,0.115660927282413,0.189427757516943,0,0.123453752275761,0.260177705849369,0.101988962461879,0.26924450005864,0.198476381441769,0.0451789368340669,0.572542322725182,0.37292463942795,0.336437896412543,0.510888897059158,0.3716994702511,0.0289978866698809,0.275513599503183,0.224538769812098,0.312898633967008,0.179729987766525,0.244014530378066,0.0737134721291187,0.313166547106861,0.417890445121726,0.0737054173505821,0.0606289654311723,0.0690647850905897,0.31327960509392,0.241259944980045,0.0863551465845409,0.104990727373898,0.191480835285772,0.118902115632024,0.0206825433267473,0.203931053727731,0.049013416624111,0.0898459540698649,0.15414326335552,0.698396281763271,0.267022795883815,0.215280702001414,0.291376144122924,0.336534456149923,0.350933306310453,0.265153130959389,0.0852670865855166,0.0101556400543608,0.169082427486875,0.0594115582325033,0.119641605576956,0.351635645283468,0.159305113416919,0.295258260496962,0.811848963192474,0.19264031530708,0.0434383823382512,0.26386803158379,0.135736994396852,0.016786441044624,0.430066062582318,0.328733577874854,0.0504567129162919,0.24168319397746,0.191168997004524,0.14783501938855,0.206129695445453,0.0182686475963765,0.0256110283839067,0.0206548946131966,0.183338629985791,0.508127724632984,0.0828932602572716,0.142314534102911,0.25345730467164,0.112383547393802,0.173979120301976,0.241646157351343,0.0565623014376019,0.424127412118635,0.271578331763893,0.299388989500737,0.0364754207656191,0.320437685954621,0.401320887513876,0.294686276102494,0.273735577671617
"Candeias",0.179519123820927,0.231849418953528,0.0573664063150074,0.0833889417787469,0.061811222681982,0.0358775907317206,0.110269772411988,0.236032262087633,0.573366134954204,0.284286265232456,0.0698991024904059,0.223474091192371,0.00617322017062116,0.0645795496659692,0.123453752275761,0,0.113487733222722,0.0146786249728947,0.163656185676112,0.0626916922465823,0.0682434913862697,0.385846729222158,0.223017674175131,0.163853309579538,0.372657453828254,0.263170229604534,0.0918978762460146,0.157035201108254,0.0927242778695805,0.198219295497311,0.0606252105969024,0.101390241573476,0.0456550862173314,0.167400107253772,0.248843745197231,0.0460960682405051,0.0655933161973009,0.049551566791016,0.179892592475432,0.0997562025366131,0.0369306192104846,0.018393807271292,0.058680804065124,0.00393334215468791,0.111116076977508,0.0799049647093248,0.0615032363923205,0.0275088655047523,0.0391511542569832,0.668906626366484,0.142678116474578,0.101064414190075,0.177180235199478,0.184767429310132,0.196989403855564,0.139999671204869,0.0254474018339839,0.138577305041187,0.0288271981780863,0.0585491912360841,0.00576716604269197,0.185580229840121,0.0405810304554659,0.176956658773992,0.731852862650976,0.0753509678207298,0.0821114027604978,0.130964368258005,0.019796834658733,0.106360228314683,0.294488937253652,0.21054721980261,0.0719520650555536,0.106378276869013,0.0545189150935142,0.0210359764589346,0.0792785164781828,0.10528899742531,0.0951368283580564,0.104645476219461,0.0470377417267171,0.347007674966468,0.0396109005418733,0.0174811414371946,0.133672345972812,0.0155326339752264,0.0359627755955528,0.104290013532695,0.0561660953822609,0.314026871812543,0.112557266049948,0.183513951374648,0.0841256175422331,0.181729417105492,0.267782356319144,0.156655580210915,0.163848080599685
"Canuma",0.0434765087329366,0.0998945086656101,0.186932035656256,0.212925949115877,0.197617381203114,0.165107633747497,0.00468347714335351,0.104611014661912,0.461942509323725,0.159719693230552,0.198464124471626,0.0921189570655815,0.0932852719742931,0.0404579061259277,0.260177705849369,0.113487733222722,0,0.124504368599793,0.0397618668437577,0.0505595731054355,0.173552167956573,0.31053993770501,0.0948407062096461,0.0540252649523939,0.249405585569424,0.126732439628927,0.203298833791892,0.0390063288782626,0.0130679490141811,0.0679570879341719,0.0411435190861987,0.00816084093068859,0.167456162704167,0.0462477663217901,0.1380403589104,0.163490137075665,0.180304839239297,0.165063531017465,0.0627808174608441,0.0139683438057535,0.165290975318536,0.14290692458456,0.0549774596244628,0.112998721518849,0.22881966026622,0.0339908054630236,0.164415681805835,0.138491512709261,0.0607140264276172,0.563189198771681,0.0220042943474184,0.0033997788337906,0.0610479051941106,0.0607425555609606,0.0775682222031917,0.0191516000409682,0.128624668120499,0.277497000855561,0.0802844753759126,0.193277784071146,0.114444416634008,0.0714494504682257,0.0587085035054707,0.0589558102971482,0.589550887428751,0.0241320191975015,0.213972469390355,0.00963926598984299,0.0807979930267813,0.223531515329803,0.146432549538441,0.0834279253837054,0.204687490759173,0.00904387334552348,0.0597078379406782,0.0883012059171707,0.0309889573409393,0.223633328389596,0.209913889205494,0.240663340100117,0.0619812244155072,0.207856375092704,0.165166200771513,0.0891966336833131,0.019403926620248,0.142084461747579,0.0790235085464756,0.00536996454630988,0.16395643426248,0.180388321540759,0.00378742847595093,0.0641405976572984,0.208164660085069,0.0634218205766321,0.138057675011544,0.0420789176932403,0.0409243212705516
"Caqueta1",0.183293242266358,0.241254937105731,0.0381955066350817,0.0613884560831003,0.0412860954274478,0.0183993698865931,0.124569128694361,0.268265241331413,0.693772610373369,0.310291622453602,0.0472438371952166,0.243894502516895,0.0194006915506644,0.0781433293932202,0.101988962461879,0.0146786249728947,0.124504368599793,0,0.184896054630088,0.0759884105147484,0.054121596839398,0.419886593903083,0.238272233452427,0.175735266113676,0.406715710691384,0.289735423953592,0.0681009795855987,0.189613226497922,0.103358419855486,0.217407198143157,0.0743141184797868,0.118021216673855,0.0278910155554536,0.177649255152889,0.268513839242608,0.0284159315062475,0.0412581488555475,0.0321698908186644,0.199794832634073,0.111176718344818,0.0190465754739101,0.0042230008197582,0.0664699162043697,0.0124007963265922,0.0814764423842982,0.0853266627457332,0.0452439889240604,0.0106322003071,0.0520595817719849,0.80045541218984,0.164678449425377,0.129410191953444,0.211517106754949,0.183924527655619,0.207670401950743,0.165209155964208,0.0116350420239206,0.113752932992135,0.0418739826243859,0.0419793893006151,0.0087653614037763,0.194751464664188,0.0549462335452424,0.21708772905261,0.730583523067315,0.099303813113768,0.0588178852583358,0.147157894125295,0.034540648272648,0.0937224232068284,0.295125530331206,0.25937957301649,0.0501446439352367,0.114989601106921,0.0670325320030178,0.0339799221116025,0.0923235055373132,0.0878386251677799,0.0771333143139121,0.0806214923218052,0.0624797203749584,0.375705526214675,0.0223661496609287,0.0311138552016062,0.163554053892728,0.00385175528902688,0.0498542333976383,0.126687867182606,0.0420657305902456,0.382030733753256,0.123251681797595,0.22336462282279,0.062875805374214,0.19078059922191,0.276086139389159,0.172646456622878,0.177488049187533
"Chapare",0.00496254089892451,0.0425400110115198,0.216508753661053,0.240432793507717,0.213254129418879,0.191431461577331,0.0416439883821178,0.0413568370936482,0.578994608008717,0.101447174275385,0.227570808681175,0.0416181237033184,0.189004557022217,0.103762637187954,0.26924450005864,0.163656185676112,0.0397618668437577,0.184896054630088,0,0.0903742369182255,0.256148062396763,0.207058063560065,0.0332058894868057,0.00431415839756686,0.202616733966854,0.116638894765913,0.287380742102435,0.00439043443843802,0.0564576463724962,0.0352113932246166,0.107397569875454,0.0507282290327684,0.208792695476784,0.00365451503591297,0.0539632770076516,0.213772605626608,0.230502177124903,0.219420090989821,0.0178694440023654,0.0525367142746737,0.194804222494605,0.175991214093722,0.0922032194884019,0.166734813994916,0.28679406750045,0.0876159171576746,0.273889724063631,0.208935860154855,0.13926270282118,0.803467967206897,0.0227323824024882,0.0482247552626476,0.0326075226149266,0.00681379819033168,0.0158825304277316,0.0242598976209217,0.201161655534426,0.289775266696824,0.100440878482045,0.196376934375023,0.144761869375685,0.0161626571316605,0.132353005780098,0.0255772822516084,0.497342147489131,0.0809847804936193,0.237764141362666,0.0347241340163883,0.15177067864639,0.279303352626851,0.0792468140107503,0.0582036929277649,0.236389953199478,0.0536332716169898,0.0942124899500681,0.130207237998791,0.0759935534493963,0.282984686852806,0.270550394688351,0.258669393766977,0.10201706138004,0.139045408740244,0.19740317335455,0.132421240731504,0.0218456951898941,0.156666946610963,0.105958058871013,0.045654115151694,0.239475020300873,0.184621569891061,0.0362602276723069,0.0351060084070144,0.235367354314136,0.0137852164076842,0.0836380006694111,0.00468950427870175,0.00433737688033564
"Coari",0.0960723707867171,0.160049727279323,0.128792701914254,0.155023816929327,0.136780851066739,0.106446317432821,0.0494785243341872,0.166363101127659,0.487395790814611,0.205204381709409,0.140775582040329,0.152059607316233,0.0482295939100315,0.00523441429356013,0.198476381441769,0.0626916922465823,0.0505595731054355,0.0759884105147484,0.0903742369182255,0,0.133251775304203,0.35797585608164,0.152682026894684,0.105457971246025,0.311883155325785,0.189972185898488,0.149917456104141,0.0894315235783846,0.0299828170210205,0.12628004896151,0.00425449980900562,0.0382048583824851,0.116229934313074,0.0974919090034215,0.197124795159841,0.116839132619077,0.128561734696269,0.121782904993893,0.110532932110398,0.0355288755896105,0.109393876799515,0.0850658132832538,0.00552541010651559,0.0644436371281906,0.177137235438965,0.0126519748976561,0.120180154971248,0.0879742470925318,0.0176805022863066,0.633805862196874,0.0764234385744886,0.0420425355229314,0.110013257310822,0.112983390324314,0.133701874968304,0.0715637604377121,0.0855633301479717,0.221585105410991,0.0266946533278416,0.126196932118783,0.0600450310399688,0.131388852984219,0.0165812802574208,0.112383607301913,0.655237350815353,0.0166574894650269,0.160674869261419,0.0649260096282833,0.0359996343834133,0.179689829815191,0.205250407920773,0.139773741282196,0.146994578094447,0.041668057378543,0.00793906745634557,0.0414973010263871,0.0158513162006021,0.176207769468835,0.164611298010324,0.177756536962212,0.0116258588153363,0.288547104718045,0.113638513293075,0.0368517827534413,0.0671235595258601,0.0810571864518542,0.024080680182431,0.0410288120030296,0.121585032964828,0.249285347859211,0.0513510029446095,0.116147389389149,0.150973948943726,0.110891932814839,0.187066342385051,0.088166051386379,0.0930266211792295
"Curaray",0.24830131184924,0.297989600803998,0.00995037264974128,0.00993285278494168,0.00800132574051459,0.0300275738952878,0.174092511809918,0.302988021913667,0.720397543383195,0.343102237036958,0.00468972525434921,0.278153054250345,0.0750057511138029,0.137468684922466,0.0451789368340669,0.0682434913862697,0.173552167956573,0.054121596839398,0.256148062396763,0.133251775304203,0,0.460049907792723,0.285602426269544,0.220587102794669,0.431162440165702,0.354870407188152,0.0171605620120573,0.25908192747967,0.150072012265034,0.294371701794966,0.133595471994095,0.168686888601026,0.022954972884006,0.231174297701319,0.30129014708704,0.0242306806629376,0.00917163833767243,0.0201179646075064,0.243685174887133,0.172184103546837,0.0299685318997358,0.0469494938591255,0.126433593127837,0.0669515648695689,0.0281639175237501,0.146415831302818,0.00602170517384827,0.039011213160611,0.110676981103038,0.839798401582819,0.239216650332708,0.207326461034752,0.291002052673533,0.230432400663939,0.256047145681101,0.233916624363596,0.0461230573993706,0.0557202065287596,0.0886783735198974,0.00520612071421553,0.0528647770100274,0.242231740784523,0.118003291039825,0.281823678643043,0.729111281198484,0.169449065891521,0.00752044715267457,0.202536609678116,0.0916542435147432,0.0332000543070863,0.344034075708391,0.33348726347204,0.00401531541925965,0.183976998373762,0.123874420400865,0.0919493560447047,0.158068381845944,0.0308977564081138,0.0227383753384927,0.02621382441636,0.112221033114208,0.418059227213933,0.0285176867786494,0.0771560702014061,0.23178427830918,0.0462643555072953,0.0974838791392653,0.174094815251964,0.0117837257428275,0.443319357004507,0.170664579162702,0.292535231269481,0.0117116683363822,0.236811154901929,0.326666069461358,0.21080253412976,0.243504186498265
"Curua",0.210659822068708,0.175499882409231,0.52898123038681,0.529738649817861,0.503442917199462,0.469968447182796,0.296418678106077,0.168737822848768,0.252443311531053,0.10347750930961,0.514417320771283,0.187786786180201,0.365104237223208,0.311262752023379,0.572542322725182,0.385846729222158,0.31053993770501,0.419886593903083,0.207058063560065,0.35797585608164,0.460049907792723,0,0.189385616410003,0.229853498621465,0.0293587692711111,0.114169680284749,0.495450502773867,0.199442919522808,0.327349982613485,0.167348244582172,0.317619796609807,0.320691067509412,0.466477244388196,0.245505398090916,0.162171344476394,0.46218616602818,0.498029949526754,0.451517552113963,0.208416969576213,0.294545233025688,0.463708414693554,0.446132680449547,0.330011556251437,0.390336583871139,0.516627846611996,0.302881441958415,0.44047888390985,0.427833050767975,0.327723755456142,0.479846509005603,0.248271918019484,0.274064536028914,0.157588687384189,0.227671778525907,0.211270940211005,0.254353022590928,0.425684051005908,0.570575084695549,0.372605566240465,0.485593313092471,0.408733873848512,0.201662242269166,0.332602230444698,0.169163623163006,0.321284059382941,0.29904420532713,0.519353379634827,0.276764122248049,0.372404001693839,0.507773937009926,0.127979973008849,0.138396100036035,0.496779114253012,0.268454962904794,0.365112089591193,0.345179240906062,0.323715435267227,0.52747961881147,0.485778863489309,0.552852278925719,0.380146308569502,0.0614319382744025,0.455613533977068,0.422293460168489,0.24241568894581,0.451248870097801,0.405383967317814,0.293174044618297,0.449376302171379,0.0373136971443873,0.27067155101291,0.155253183324069,0.523634443144898,0.206371131287863,0.117103677562658,0.237660961680602,0.213181325869805
