"","Abuna","Amazon1","Amazon2","Amazon5","Amazon8","Amazon9","Andira1","Apaporis","Apurimac1","Arinos","Aripuana","Bacaja","Beni","Blanco_Baures","Branco","Candeias","Canuma","Caqueta1","Chapare","Coari","Curaray","Curua","Curua_Una","Demini","Fresco","Grande","Guapore","Huallaga","Iriri","Isiboro","Itonamas","Jamanxim","Japura1","Jari","Jatapu","Javary1","Jiparana","Jurua1","Juruena1","Jutai","Luna","Madera1","Madera2","Madera3","Madera4","Madera6","Madre_Dios","Mamore1","Mamore2","Mantaro","Maranon1","Maranon3","Maranon5","Marmelos","Maues","Napo1","Napo2","Negro1","Negro2","Negro3","Negro5","Nhamunda","Orthon","Pachitea","Paru_Este","Pastaza","Purus1","Purus2","Purus3","Putumayo","Roosevelt","Santiago","Solimoes1","Solimoes2","Solimoes3","Solimoes4","Solimoes7","Solimoes8","Solimoes9","Tapajos1","Tapajos2","Tapaua","Tefe","Teles_Pires","Tigre","Trombetas1","Uatuma1","Uaupes","Ucayali1","Ucayali2","Unini","Urubamba","Xingu1","Xingu3","Xingu4","Xingu6","Yacuma"
"Abuna",0,0.00588864160283738,0.00729139576963172,0.00756124577431873,0.00756531628068451,0.00693894018329773,0.00624981133021787,0.00570502719632385,0.0271378476017515,0.00706041249751032,0.00715609720512188,0.00587736733438513,0.00690711324554608,0.00655262294119309,0.00787834677908279,0.00693709501768498,0.00562001538775239,0.00706932172959703,0.00380323715382659,0.00620283000306862,0.0081956551265364,0.00723844809081057,0.00526821074994335,0.00443078153020279,0.00915760959119077,0.00691639958152037,0.00658077113910385,0.0034979182270874,0.00670246563994336,0.00625269777987444,0.00608897686126712,0.0064599204474095,0.00805358802300889,0.00297571206731697,0.00600887113245844,0.00775309438253592,0.00689206589905166,0.0076834059153063,0.00561965785992171,0.00597039247464551,0.00775518741867719,0.00675639076001568,0.00637314353757812,0.00803383044789859,0.00700768513945063,0.00664839516994869,0.00725803007571681,0.00746164248461722,0.00638381841215202,0.0318495960794718,0.0054758059324385,0.00561885501206902,0.00597633362891873,0.00521128672077063,0.0055147980322395,0.00537927240000444,0.00742706416493424,0.00790491396047567,0.00650486220776148,0.00691901476640959,0.00669536108276203,0.00532125314742569,0.00707903133696826,0.00561970706202831,0.0163057339335148,0.00594536653077795,0.00775620190646244,0.00568014415904588,0.00621398564351325,0.00741132045401305,0.00752729583466289,0.0058159940962817,0.00740704994029473,0.00627301531593884,0.0065023761811442,0.00738258050776349,0.0065317678469743,0.00741807881026373,0.00785755856851353,0.00738833530576642,0.00739059231559291,0.00746140593776124,0.00757599304018022,0.00762943184847456,0.00527476282113336,0.00683360490942976,0.00733884793181967,0.00592209259609777,0.00773566447806616,0.00835359433463465,0.00569709805819756,0.00540308861847126,0.00778303353900239,0.00573870198201906,0.00750215169533516,0.00341471967159099,0.00362911266354814
"Amazon1",0.00588864160283738,0,0.00750269481968091,0.00688570141946972,0.00725277409036672,0.00694220252871745,0.0063210242487348,0.00301374810916306,0.0263131357602941,0.0068091478980474,0.00676179638630208,0.00352062657560793,0.00672296810900541,0.00659901363183826,0.00652544917393914,0.00642440588816552,0.0059474688313377,0.00814403356112316,0.0055013612923577,0.0066671552831905,0.00803657726765769,0.00828636034605,0.00502182242224146,0.0055961120335701,0.00713180398115927,0.00520865965794538,0.00730238323774628,0.00486360711874925,0.00690884673790889,0.00510186625215359,0.00677666054212245,0.00613277146170862,0.00742765054205886,0.00508747707778201,0.00549099478856161,0.00647297612056824,0.00788683513586742,0.00730768523270592,0.00562426958853786,0.00597853528637771,0.00729139271033668,0.00733267863806108,0.0071769272175241,0.00675770525731141,0.00693533823471595,0.00586010495767279,0.00740039361432653,0.00650468670852218,0.00680649176630617,0.0431745980596545,0.00586689315273652,0.00625509434265306,0.00527981346930352,0.00542582565251206,0.00571262692059373,0.00597690595981336,0.00769027994752936,0.00657800423845268,0.00689247124627078,0.00696717859932554,0.00756205857195974,0.00573280756885745,0.00718128672486994,0.00529595176152366,0.0161749947930917,0.00606162504021865,0.0065247674885771,0.00606240587721174,0.00688848985505119,0.00772012579783171,0.00574242041847767,0.00368264089545433,0.00663023764977372,0.00723631001226164,0.00645792544299145,0.00664368841076936,0.00681226313383052,0.00710734633349464,0.00672624226177865,0.00617703836561271,0.00764247868481044,0.00629086166036626,0.0066948608991932,0.00700772918269383,0.00552147816107275,0.00596526125142547,0.00712742463496851,0.00685363077105851,0.00733171314052298,0.00693998667007902,0.00568938795166059,0.00460010540992462,0.00587917862162803,0.00575567235014162,0.00583352115626038,0.0060312953297317,0.00522202308639261
"Amazon2",0.00729139576963172,0.00750269481968091,0,0.00427563691452063,0.00289487780751299,0.00405900740367738,0.0062532592507977,0.00736083216585486,0.0273896710566833,0.00953992052632295,0.00395568927277523,0.00734845559897195,0.00507867308018042,0.00592426183868723,0.00468815872634057,0.00509146749679482,0.00630780222384379,0.0050514938287734,0.00747247905077451,0.00568998052492908,0.00478764117369715,0.00861149087260051,0.00767976498493638,0.00600892666033275,0.00882189419377111,0.00912242741900299,0.00431188938332595,0.00748688948717364,0.00747515749942821,0.00753994134132545,0.005709655756711,0.00661302313855685,0.00445521761608407,0.00647831307718653,0.0085961545339075,0.00395002925519734,0.0022757863669598,0.00444609912407372,0.00817378976185776,0.00563327595900961,0.00439386361702101,0.00475761241581512,0.00592633772703305,0.00545537034328701,0.00425323544919336,0.00546776209888015,0.00399416598556376,0.00468194332192218,0.0058165838301615,0.0435423231838102,0.0063809144973956,0.00602156604961571,0.00892943861164342,0.00674412362410551,0.00730412136171309,0.00570844458135198,0.00483358069595574,0.00435230476281308,0.00527410189609953,0.00317469544255774,0.00555473558174885,0.00700758193648943,0.00570832832352705,0.00729956691356858,0.017571189883355,0.00560722771392402,0.00408448713969372,0.00630851319240416,0.00469201073036189,0.00492403069085622,0.00942849855097617,0.00889243226140457,0.00416159951856271,0.00621615990751425,0.0065215423315023,0.00504346125272941,0.00654630138177392,0.00467328987829123,0.00429366823224385,0.00382339014812764,0.00557682771801071,0.00810729663134937,0.00445486521204936,0.00546363766886968,0.00677655661205084,0.00514634706444095,0.00489692850803592,0.0071419422986591,0.0028753882774995,0.0103470021101762,0.0058155649726931,0.00759850234406421,0.00477397697619061,0.00785465687694943,0.00887760415442139,0.00770587559250761,0.0072419705903624
"Amazon5",0.00756124577431873,0.00688570141946972,0.00427563691452063,0,0.0047247048997012,0.00403145340362211,0.00600663678401821,0.00674247316217082,0.0273754121689978,0.00901782731198806,0.00442066182324853,0.00704517087853048,0.0053790836499725,0.00634176783466132,0.00445187084050916,0.005369049805672,0.00620296953283758,0.00553098831331459,0.00797395200439151,0.00561845099657081,0.0046425157748167,0.00992536235331884,0.00766511387430531,0.00676901018036636,0.00905309214778718,0.00888171419349516,0.00375145765272861,0.00694367696294474,0.00707430551092617,0.00797466349635676,0.00611612554744531,0.00662229058849651,0.00475128290493268,0.00603455009177645,0.00743437985710946,0.00428243807805208,0.00455158966932613,0.00500625323398681,0.00871053144920091,0.00548235429634512,0.00478370074922227,0.00499542128609205,0.00625661302801112,0.00558505174778396,0.00409322064270262,0.00628712215921749,0.00463545061725893,0.00508538193304304,0.00629927780074074,0.0402801722461869,0.00627772928938473,0.00610104574657564,0.0080910935962977,0.00725738305615012,0.00701051351013734,0.00598691870559291,0.00488650845280234,0.00430042319858566,0.0060324083219658,0.00417142980141333,0.00551605607690462,0.00753808922112172,0.00575443099830522,0.0072334913027999,0.0123605396001202,0.00548917510892199,0.00306120000604823,0.00628725927719818,0.00516505020742659,0.00441456911282669,0.00819212143346949,0.00820392599283187,0.00446394073287839,0.00601296288209767,0.00576049315207913,0.00522778088750822,0.00613887495905013,0.00420374357506713,0.00436098813268897,0.0036690234512434,0.00632558440256648,0.00746651943572078,0.00435831605275674,0.00600350511545819,0.00636589749901042,0.0044088693860706,0.00591561779056038,0.00674356869010231,0.00444933206858727,0.0100604494535417,0.00605229831497484,0.00750667738399136,0.00259394730337353,0.00708093636605817,0.00873488921848027,0.00724580372250141,0.00738576924616024
"Amazon8",0.00756531628068451,0.00725277409036672,0.00289487780751299,0.0047247048997012,0,0.00412853368772318,0.00601019795833794,0.00635480512676057,0.030594251995981,0.0100379825120711,0.00365215552487193,0.0077361533546367,0.00537374348387826,0.00670449131197541,0.00482787694247372,0.00507057993831161,0.00624051276887542,0.00531093233333283,0.00728304721158107,0.00551912856988585,0.00451019440327683,0.00915508787377207,0.00752890929106151,0.00653351273826976,0.00949753058065048,0.00826025747799738,0.00499232893847882,0.00749032776087864,0.00722176088999539,0.00754131680499431,0.00594913254165614,0.00688844907805159,0.00495834234689495,0.0066896609726415,0.00701814708137443,0.00459094700138109,0.00268589719290015,0.004792685448096,0.00856546586032193,0.00526070963245872,0.00459458519110319,0.00473432249244568,0.00604120764557393,0.00539234738124186,0.00492416906621409,0.00652079674787052,0.00351383040751196,0.00534916589213488,0.00620896539234844,0.0503368240664488,0.00672483801049747,0.00586631844953255,0.0082691431952961,0.00661179348372139,0.00625551930861459,0.00605184394174894,0.00513907672472718,0.00476087742483203,0.00520085461243172,0.00315886262732801,0.00576402124575586,0.00652624893410479,0.00629586757338353,0.00803769132195438,0.0103156209823166,0.00615224527231616,0.00472036195115588,0.0056373664892216,0.00545528030505478,0.00506463490304735,0.00814341900863853,0.00859551866891286,0.00441503962375706,0.00600099762949792,0.00553530912839073,0.00497244514950967,0.00669863174234109,0.00495163102468765,0.00484583171127263,0.00483987015424938,0.00646209238715377,0.00816984865475155,0.0042968725084351,0.00588493561598991,0.00680585298889658,0.00482843232907713,0.00525464110879265,0.00721988803309072,0.00303058250315107,0.011444973171534,0.00632560019743683,0.00794686002379801,0.00497905433017169,0.00744393475010031,0.00898318470559006,0.00739492636025455,0.00748267924245056
"Amazon9",0.00693894018329773,0.00694220252871745,0.00405900740367738,0.00403145340362211,0.00412853368772318,0,0.00557319634941012,0.00615114432710589,0.0253688431461839,0.0086545122633425,0.00429358659482215,0.00641912982290386,0.00491360595899428,0.00548490467036593,0.00512287613415085,0.00482669533640092,0.00547082006970275,0.00487051662230734,0.00724301213730802,0.00509228747880869,0.00479047988166232,0.00869861794925385,0.00742128516142901,0.00612301149461142,0.00856746369756364,0.00824816305408243,0.0047670743624638,0.00714946320818721,0.00662273737064177,0.00733633231669335,0.00564002024581496,0.00565123687869719,0.00416375859131487,0.00567139565183771,0.00754371480123938,0.00400661269289691,0.00431898789980556,0.00460198484682939,0.00735382104661362,0.00544753769369518,0.00250469215866396,0.00444721318248233,0.00602074282117704,0.00501887142042489,0.00448513660401189,0.00572311244183939,0.00490137230946996,0.00456933992139308,0.00557021350212973,0.0364797555334429,0.00642575463879476,0.0061307239683672,0.00836750020006349,0.00628978616396179,0.00636863804531883,0.0060496236722288,0.00418499698647062,0.00412449428080214,0.00492162943363648,0.00407309978830587,0.00485529597730948,0.00708002524933392,0.00552059495233668,0.00779984216367868,0.0122551863566352,0.00574785429740303,0.00435710173883402,0.00615338961384479,0.00506417597483685,0.00468725568608359,0.00731967223650007,0.00859275753078441,0.00437033808970651,0.00619820947067328,0.00510606966174617,0.00500855800706639,0.00578702584461512,0.00470723474017706,0.00467970850898512,0.00440582483356079,0.00553323844007007,0.0082852794934826,0.00269443362030199,0.00522187991905557,0.00636880028337556,0.00454930963508515,0.00480292796878899,0.00622501360802895,0.00446049981728061,0.00953112674963997,0.00559425832853747,0.00727976876621922,0.00458095439585366,0.00680527017009889,0.00802917816599608,0.00670003102089872,0.00715046130151062
"Andira1",0.00624981133021787,0.0063210242487348,0.0062532592507977,0.00600663678401821,0.00601019795833794,0.00557319634941012,0,0.00618713824125061,0.0273060270039737,0.00837374053404575,0.00621847560720101,0.00638331575569883,0.00530344817272878,0.00536454883271643,0.00641788176838049,0.00615061507093533,0.00357625318026502,0.00568904146015696,0.00503004944133,0.00577422766737755,0.00655215150804972,0.00870409370721471,0.00612177382103879,0.00553711538288212,0.00882145830762356,0.0062813934371858,0.00586566921634408,0.0054034032272752,0.0050199036497296,0.00555265928166201,0.00479047577717919,0.00381923276609211,0.00591980439090903,0.00536363755457611,0.00616055086532561,0.00558837306768356,0.00629647975232855,0.00605649697776889,0.00576142993441727,0.00438109954366162,0.00628286837066858,0.00604282867056618,0.00587911298638577,0.00630899876893911,0.00632981111025802,0.00528717461024928,0.00605109991248205,0.00592752053167581,0.005220984930365,0.0393051522181218,0.00498880274320167,0.00296361540913673,0.0059326714151781,0.00553084328641732,0.00633590476124557,0.00526408959800574,0.00591081871974687,0.0061913446187279,0.00603676930676367,0.00584158379918485,0.00583140670675661,0.00577022824124375,0.00502131067438202,0.00536506651050129,0.0172301860808717,0.00469200851585824,0.00662894943124879,0.00486249593196508,0.00537447942564202,0.00541791104619896,0.00803961781594086,0.00594149491282838,0.0068448727675909,0.00461008984705474,0.00547479128853099,0.00598678044667657,0.00544517417346864,0.00544783750096365,0.00600047316429068,0.00620141813379323,0.00568892234622369,0.00698762433983271,0.00569340321732711,0.00572650761400504,0.00475555521815298,0.00617157756578214,0.00515050324424626,0.00316244947401832,0.00542486565975576,0.00749728176229321,0.00359712885951057,0.00555168677248994,0.00640755148992616,0.00614906653721851,0.00645813387713555,0.0054622358637837,0.00508985852187167
"Apaporis",0.00570502719632385,0.00301374810916306,0.00736083216585486,0.00674247316217082,0.00635480512676057,0.00615114432710589,0.00618713824125061,0,0.0259250866438795,0.00625080900322164,0.00612237158643019,0.00286628878325283,0.00611266455458004,0.00652753747840636,0.00594849393829625,0.00614753955411937,0.00503585113763811,0.00667158517089094,0.00528596310238232,0.00648934365141673,0.00750975369719847,0.00783864104642378,0.00391919356670468,0.00515318801184004,0.00729975100434958,0.00507338461055863,0.00654199537556919,0.00458308768443306,0.00636239604019913,0.00515659925698151,0.0058625195082967,0.00605079141386458,0.0066871956611186,0.0050502310197131,0.00547206679858202,0.00641392984296724,0.00627602781468939,0.00658951775789381,0.00514364484527632,0.00504074306696843,0.0065689527893178,0.00681312117528984,0.00657087275115968,0.00616161639938984,0.00610182844757874,0.00601133969198702,0.00688146602298612,0.00652098267011397,0.006876113926407,0.0335525611100501,0.00581992752919159,0.00571429597167468,0.00477984886369831,0.00525314152886676,0.00531367096951921,0.00548036110694103,0.00687854266033618,0.0061283334969412,0.00660417029406607,0.00643896653832643,0.0065221867787934,0.00544163090009175,0.00624680553923943,0.00486095484802596,0.0174129562852722,0.00605178091921505,0.00684778532267628,0.00558728134540571,0.00635222433690008,0.00585174631815084,0.00584423171420648,0.00431763241226048,0.00713034499769354,0.00654251606578913,0.00654001987824702,0.00660418000827703,0.00654785289691611,0.00644103902123408,0.00604897482696308,0.00672434424143221,0.00701452819296824,0.00622389238127566,0.00579797657957245,0.00635005964412892,0.00547922563745976,0.00668766719821872,0.00624159556275184,0.00577401692014191,0.00656293534829291,0.00735758079649041,0.00622774340025318,0.00468900241672549,0.00631092536442,0.00573933378144364,0.00651518892819576,0.00541323917137247,0.00555024877726366
"Apurimac1",0.0271378476017515,0.0263131357602941,0.0273896710566833,0.0273754121689978,0.030594251995981,0.0253688431461839,0.0273060270039737,0.0259250866438795,0,0.0237909936760099,0.0278860106369103,0.0278760002511092,0.0232165080399861,0.0293812362214106,0.026944890616989,0.0309826105127064,0.0244389188433814,0.0255358199330032,0.0257713533793127,0.0297479731542874,0.0233891643918206,0.0216157123376817,0.0249290081916087,0.0266704609721855,0.021104033811055,0.022235088009157,0.0272371531739196,0.0214995996123061,0.0262787802575429,0.0262162011920358,0.026909407184465,0.0241905834302663,0.025486691412121,0.0266069053847454,0.0286304825037336,0.0320093976031289,0.0289614550547679,0.0235785360731592,0.0232506047464764,0.0264967486300772,0.0262726800456221,0.0291533335863649,0.0292001223830324,0.0259695695275781,0.0270706595786683,0.0306601025283438,0.0161962452704838,0.0307052164662311,0.0266641966307295,0.0252275707068275,0.0243069502847902,0.024505769356199,0.0146852872826205,0.026621482303008,0.0255348853002292,0.0263162644356257,0.0176639923392173,0.0257432377840112,0.0298625587397012,0.0284978881411625,0.0268483099752725,0.0270923486734297,0.0258165833289958,0.0212458369654748,0.00755600229524974,0.0228239911839711,0.0293153229558654,0.028694737327579,0.0281549574464541,0.0216277844906271,0.024111580441408,0.0251126016674164,0.0285264273306372,0.0323126871314786,0.0329490986344207,0.0319605085816729,0.0252231511693674,0.0236764744763448,0.02387460749129,0.0276392045732884,0.0243000841935204,0.0249576639352893,0.0284606846772546,0.0233326927217911,0.0218008182582528,0.0267629609520571,0.0280769306571439,0.027744641836537,0.0189039511281367,0.0212436670684568,0.0336848494148298,0.0182212581692489,0.0302276018964939,0.026942259589899,0.0249180629357589,0.0276010156758403,0.0271302395691769
"Arinos",0.00706041249751032,0.0068091478980474,0.00953992052632295,0.00901782731198806,0.0100379825120711,0.0086545122633425,0.00837374053404575,0.00625080900322164,0.0237909936760099,0,0.00825535367049817,0.00736269402099444,0.00827468903426523,0.00846944079952466,0.00869105831475821,0.00871002975267365,0.00769775161778725,0.00878470131388889,0.00692989959966005,0.00849573580622537,0.00878037634699752,0.00655259021762862,0.00687672907210541,0.00616484319824675,0.00833494036466928,0.00541243170026499,0.00818145275064092,0.00714759276671583,0.00849095653653027,0.00660628233598829,0.00813217387933185,0.00730371754892056,0.00989575315932286,0.00725520228691073,0.00624617570198692,0.00847287355235863,0.007810697337701,0.00895452785517853,0.00849678205137168,0.00836116675082221,0.00912041174418411,0.00834691036104857,0.00776967163598986,0.00929365004699341,0.0080273238681351,0.00687087654781933,0.0088108744999038,0.00853850484821668,0.00821170416722749,0.0397834192452474,0.00682877165178404,0.00820296180529156,0.00665105470016326,0.00670017626980964,0.00678431231530363,0.00802171612711502,0.00850162051608983,0.0094309659235085,0.00813175628045937,0.00851717758866286,0.00898138228634257,0.00699186552049882,0.00842678866663073,0.00713153618167198,0.0157891907562897,0.00693748064197467,0.00955245902314008,0.00712363295418687,0.00779488786554591,0.00796673195410979,0.00678913213422243,0.00572817396537657,0.00840101053532255,0.00772510575133281,0.00898179608602427,0.00858355048390371,0.0078208700392242,0.00810331844470161,0.0082424858212792,0.00861221657622921,0.00883786894441226,0.00628897288541359,0.00907689187393825,0.00759472455119238,0.00712515066463463,0.00897665717718594,0.00927037316945542,0.00849574071275231,0.00950314769938217,0.00632674986353886,0.00739366441272011,0.00645394751604036,0.00884474726081912,0.00828272977055951,0.00657361169359961,0.0068596025442563,0.00664805555575549
"Aripuana",0.00715609720512188,0.00676179638630208,0.00395568927277523,0.00442066182324853,0.00365215552487193,0.00429358659482215,0.00621847560720101,0.00612237158643019,0.0278860106369103,0.00825535367049817,0,0.00745731900467137,0.00478863132036498,0.00593589891906183,0.00498902438882677,0.00495846477681651,0.00642335988982726,0.00486998458700693,0.00754347907543913,0.00548981979178049,0.00352958228398683,0.0098016052467966,0.00630671885982395,0.00735868057940299,0.00949513196488871,0.00826493043274621,0.00466062852791878,0.00675445315804692,0.00655860539133857,0.0076875932577385,0.005516426545663,0.00644874010198228,0.00492032483653392,0.00584611472491142,0.00774950854981208,0.00409558958644893,0.0036804500326408,0.00429256975534757,0.00742894148912318,0.0054476959405846,0.00446442429200168,0.00435621504573971,0.00550788396098615,0.00521503238480014,0.00430270977978829,0.00581711434347194,0.00279241979909687,0.00478610684865294,0.00570121604704453,0.0518734233932367,0.0066699060672875,0.00641458855024937,0.00844528044235847,0.00652710791260527,0.00711282111332239,0.00608506610703477,0.00495245439840238,0.00502825543311728,0.00555281525529406,0.00291953357476622,0.00546023110316516,0.00769577480947999,0.00605765202340009,0.00788369656295438,0.0173868038685914,0.00567213939122334,0.00448325190933047,0.00569838195068292,0.0049455032891178,0.00481450524986045,0.00644638837435415,0.00828091841001107,0.0032272916578494,0.0064160646859139,0.0059629174494074,0.0058496995686901,0.00617798625107837,0.0041994462219503,0.00436299732868571,0.00420768914682722,0.00626942079892321,0.00808657457815036,0.00450213535168598,0.00603446593663111,0.00704867691503695,0.00511019544113622,0.0054955803755375,0.00623172406780917,0.00399110241316487,0.0103997031984979,0.00597997408588672,0.00793171563885074,0.004346639592868,0.00802774675501953,0.00837659225941344,0.00749942693016856,0.00729385629637404
"Bacaja",0.00587736733438513,0.00352062657560793,0.00734845559897195,0.00704517087853048,0.0077361533546367,0.00641912982290386,0.00638331575569883,0.00286628878325283,0.0278760002511092,0.00736269402099444,0.00745731900467137,0,0.0068237052043579,0.00671634870825524,0.00684556857096862,0.00719447415397071,0.00608531333225677,0.00727612296614426,0.005530053098481,0.00646593289747254,0.00788973498017809,0.00867603901628988,0.00404966390513252,0.00544078343444216,0.00829461405501608,0.005036380219634,0.00739150861897804,0.00542215483359944,0.00647759577189897,0.00473475533865768,0.00672441401683849,0.00611031966970551,0.007558670327024,0.00574538497399741,0.00582331634899876,0.00649835416985178,0.00728831514945107,0.00629863597904885,0.00577332843332058,0.00612329384938355,0.00657485615943537,0.00699771922799006,0.00623655287094221,0.00611914216417427,0.00667339602355433,0.00609224309127088,0.00738794353024106,0.00714501220838316,0.00660117869619119,0.0455536093691111,0.00539985017836147,0.00669380662535028,0.00513764827487775,0.00508094507506511,0.00557044540932946,0.00557674846110406,0.00719604864553503,0.00729964468176626,0.00720425129168119,0.00682845884253995,0.00700489635238872,0.00511654519145611,0.00666606487509135,0.00550697124859428,0.0175437876200547,0.00621820520028112,0.00696512844569483,0.00526138506791714,0.00639351421003621,0.00691047474063182,0.00629052303104203,0.00471384669400345,0.00687038894061258,0.00573499289518053,0.00672738694453541,0.00646952420339429,0.00595466100849014,0.0069828607020886,0.00703204769205248,0.00723105233799098,0.00729970210486331,0.0070622239470183,0.00753697945970592,0.00740509696481427,0.00552029801142113,0.00723402905213402,0.00697573213140747,0.00684063084217268,0.00699126922162958,0.00702284100862889,0.00604349709923202,0.00509461899039578,0.0069285592896215,0.00540190490391834,0.00579996286047608,0.00635680239692719,0.00533451102249528
"Beni",0.00690711324554608,0.00672296810900541,0.00507867308018042,0.0053790836499725,0.00537374348387826,0.00491360595899428,0.00530344817272878,0.00611266455458004,0.0232165080399861,0.00827468903426523,0.00478863132036498,0.0068237052043579,0,0.00511594820073968,0.00564063071807248,0.00362367977011409,0.00503520117861567,0.00483000988675807,0.00648659468287431,0.00530332221450418,0.005661958864288,0.0089630111740079,0.00694595622895513,0.00603182909605162,0.00884956183873919,0.00701605665535453,0.00471806610931113,0.00725378031519533,0.0053514157115115,0.00658971707004098,0.00495773707888551,0.00572066409084573,0.00524687053757495,0.00547130562283201,0.0075234203428152,0.00494445573702237,0.00483068181737454,0.0053021411413537,0.00701119970852989,0.00501033907572707,0.00465357518030758,0.00413482983594122,0.00484401095087138,0.00432858074027476,0.00502433564921592,0.00558534862247652,0.00481725467251366,0.00452009554954336,0.0047459105191203,0.0124001976472636,0.00616805748543632,0.0062383028071992,0.00852998217666147,0.00546455382470842,0.00618363873534757,0.00557252680724958,0.00505455253952119,0.00549634742870702,0.0045373196151208,0.00435795720508851,0.0041613100518476,0.00688788422473812,0.00541226711419792,0.00781919747306438,0.0159368242623556,0.00562964481549076,0.00516620040301599,0.00513948615334894,0.00486293847659027,0.00588082387087724,0.0084339719660895,0.00817097657550789,0.00504880085730184,0.00587044679346771,0.00525847085721911,0.00445167267912135,0.00532967547138071,0.00536870857348402,0.00549319026445332,0.00512553366566949,0.00491358301832509,0.00791083704392205,0.0049243973809475,0.00483229549844884,0.00632591500748159,0.00434002420917349,0.00475890443863939,0.0063158808703463,0.00549024664507874,0.00905942111977852,0.00521454796319784,0.0086554757095721,0.00551419424252107,0.00686099897543052,0.00862095317090251,0.00696738996995549,0.0058710080025689
"Blanco_Baures",0.00655262294119309,0.00659901363183826,0.00592426183868723,0.00634176783466132,0.00670449131197541,0.00548490467036593,0.00536454883271643,0.00652753747840636,0.0293812362214106,0.00846944079952466,0.00593589891906183,0.00671634870825524,0.00511594820073968,0,0.00652209005225233,0.00564640863919313,0.00515360080069743,0.00581881470989622,0.00655383284511635,0.00326093368958414,0.00639386373292112,0.00870429263089043,0.00661132615630685,0.0060007090090105,0.010036974734282,0.00748672806661942,0.00541822205984375,0.00686933540345069,0.0054193990608984,0.00665567580715193,0.00248234297582721,0.00519212843149932,0.00622580579008694,0.00608477387430132,0.00723670143291432,0.00608078070340607,0.00601254786501181,0.00578793327545016,0.007420459109936,0.00495558241991718,0.00637933581011552,0.00589718761087836,0.00463763879085931,0.00647953642035738,0.00592082226047656,0.00512262055915948,0.00590254785505005,0.00543259732372939,0.0049881080230185,0.057425081498105,0.00536514027457399,0.00592129028821351,0.00841897557673551,0.00603573810104932,0.00616730555963224,0.00584678530948858,0.00598942421551487,0.00608100690911217,0.00502331374484234,0.00571137687734212,0.00568790021785984,0.00707076702844937,0.00530206545660319,0.00749102083890205,0.0175159509563018,0.00468347666654729,0.00636501014726419,0.00591503096060605,0.00550607055968544,0.00665491755029272,0.0095418940983195,0.00748140722512162,0.00635182010093508,0.00599018279797714,0.00544801650894977,0.00537478403286366,0.005240978248296,0.00645057978658327,0.00669007784942128,0.0062724823565749,0.00493341135007777,0.00910416119594281,0.00599425716565746,0.00510230856800899,0.00612420465644275,0.00587154773373407,0.00529588762631208,0.00596377102452567,0.00615016636094327,0.00949473724493821,0.0050846353415093,0.00734200079051758,0.00624287831151037,0.00665056308518384,0.00818089155456872,0.0060343768546723,0.00623811334463137
"Branco",0.00787834677908279,0.00652544917393914,0.00468815872634057,0.00445187084050916,0.00482787694247372,0.00512287613415085,0.00641788176838049,0.00594849393829625,0.026944890616989,0.00869105831475821,0.00498902438882677,0.00684556857096862,0.00564063071807248,0.00652209005225233,0,0.00606684195544275,0.00556787142229156,0.00613109050747218,0.00751129622977446,0.00627301882062277,0.00546470286516196,0.00765363218587005,0.00687184589359075,0.00623281248642474,0.00836290734226414,0.00854915698560574,0.0044687954852738,0.00772269465934346,0.00721454624256985,0.00747631857048623,0.0063122477918486,0.00632677588817606,0.0055581973298619,0.00679328059006571,0.00725837265551194,0.00484345454253431,0.00531608538105889,0.00576809960354874,0.00811277558980726,0.00529305065184341,0.00511104873619649,0.00511085662934586,0.00640596138272332,0.00562378636578928,0.00426438799173829,0.00610825043057538,0.00533404457207836,0.0051919047690268,0.00645132483182172,0.0472621052659322,0.00738668207835138,0.00667230469618656,0.00936060517139403,0.00720696197916539,0.00632686018910647,0.00648066997384064,0.00626430876409392,0.00357304660891843,0.00575099958436771,0.00467365986407278,0.00629429707803641,0.00692554529483959,0.0066487984449384,0.00842968198343472,0.00908061061315701,0.00631693032714585,0.00462668670999626,0.00667845134231523,0.00566437041038735,0.005211473062526,0.0079752464329945,0.0085899505150488,0.00474145607793005,0.00626137728559357,0.00644170344337976,0.00570743830539008,0.00686547955983086,0.00482929967621403,0.00471927358399248,0.00403931265924636,0.0064135320275131,0.0074287277469395,0.00481265901076683,0.00573744100726428,0.00744086361311514,0.00500182482429614,0.00590874465942739,0.00717596969874683,0.00556357852034843,0.0110451170887095,0.00597532573558353,0.00816879516206395,0.00438960310582953,0.00747057546792868,0.00932232347374976,0.00700441497325917,0.00736802474688565
"Candeias",0.00693709501768498,0.00642440588816552,0.00509146749679482,0.005369049805672,0.00507057993831161,0.00482669533640092,0.00615061507093533,0.00614753955411937,0.0309826105127064,0.00871002975267365,0.00495846477681651,0.00719447415397071,0.00362367977011409,0.00564640863919313,0.00606684195544275,0,0.00640174585774063,0.00486388036218591,0.0070103149015532,0.00572442422124337,0.00556340239155589,0.00943669415172408,0.00745741887400083,0.00693207257776652,0.00882742646177031,0.00898785372415699,0.00531936008105981,0.00594104287882997,0.00673924966020073,0.007826388216297,0.00542447383546067,0.00637572833007993,0.00547659193691333,0.00578756304449084,0.00810552922481043,0.00498616556404351,0.00475697616264043,0.00540519140898396,0.00771956257619449,0.00566174370262063,0.00534914208768278,0.00507383377459009,0.00616257330329381,0.00318333220725519,0.00524158728654195,0.00602232586729889,0.00548202140730005,0.00492455086532659,0.00568382582954505,0.0538173068211481,0.00636171318214015,0.00535638247197057,0.00859600421182138,0.00639870706823653,0.00678496504770979,0.00622513104357064,0.00475097798144544,0.00522788686456726,0.00493413995572011,0.00487785679859722,0.0036596672152362,0.00723751693777541,0.00532885765735842,0.00672101048576267,0.0157743201523322,0.00531328031252523,0.0059372894902687,0.00601064453267843,0.00458248304915209,0.00579594863486146,0.00876437796558832,0.00766042995459614,0.00549864841364507,0.00667623257130543,0.00566232004319921,0.00531741963638863,0.00579691942772318,0.0055262551090568,0.00531660951965447,0.00568136482770573,0.00630472610226918,0.00833999903399511,0.00523697952581414,0.00545952910967986,0.00684527025511483,0.00462365903004154,0.00544588620222862,0.00669125468102125,0.00508077168140716,0.00844806143448986,0.00608213559249367,0.00707821317122928,0.00579616290342573,0.00766837934782322,0.00869319572565438,0.00700008321686666,0.00720550985249506
"Canuma",0.00562001538775239,0.0059474688313377,0.00630780222384379,0.00620296953283758,0.00624051276887542,0.00547082006970275,0.00357625318026502,0.00503585113763811,0.0244389188433814,0.00769775161778725,0.00642335988982726,0.00608531333225677,0.00503520117861567,0.00515360080069743,0.00556787142229156,0.00640174585774063,0,0.00624961058468872,0.00493137085159068,0.00563805856914784,0.00685609068057767,0.00883013837466636,0.00652368437814882,0.00508773196445384,0.00995268455755871,0.00588807930236201,0.00541364439210712,0.0050773241970523,0.00528750696075062,0.005064190473465,0.00468131968962969,0.00451673884447347,0.00613216099916957,0.00552151120994951,0.00650684365892588,0.00551006473523423,0.0061685201371921,0.00690400040349112,0.00571232679279023,0.00436746431272416,0.00625162035543888,0.00552095592325368,0.00565218956953492,0.00624614054240362,0.00564013135177653,0.00511532944120839,0.00626683520892367,0.00646698781254291,0.00523480445973335,0.0378777831003237,0.00465139372383345,0.00287767904460164,0.00554122277280019,0.00561586887075274,0.00528987553260908,0.00452150552691126,0.00596375590821806,0.00547532330258246,0.005281645298574,0.00552321951533181,0.00612768121922124,0.00628828187858789,0.00496605322548389,0.00546737589864125,0.0175420827372667,0.00468119722831145,0.00573202789188191,0.00461703982533223,0.00563398204339432,0.00628891595197456,0.00695986987005095,0.00561228047420437,0.00583570384681562,0.00482411114062017,0.00565191842585198,0.00522181556244446,0.00568442452664723,0.00571469230885186,0.00608612578965631,0.00619524885537301,0.00575489998105809,0.00679901274161447,0.0060323594626504,0.00628950479584257,0.00490447856688167,0.00552262585919947,0.00560066276408414,0.00371855711309374,0.00613306550246435,0.00779777143633561,0.00245424174711347,0.00555817998664704,0.00635135736728334,0.00639925560822542,0.00770344607078698,0.00549201600845488,0.00493969890144448
"Caqueta1",0.00706932172959703,0.00814403356112316,0.0050514938287734,0.00553098831331459,0.00531093233333283,0.00487051662230734,0.00568904146015696,0.00667158517089094,0.0255358199330032,0.00878470131388889,0.00486998458700693,0.00727612296614426,0.00483000988675807,0.00581881470989622,0.00613109050747218,0.00486388036218591,0.00624961058468872,0,0.00671908153412855,0.0061741389014389,0.00560124623563461,0.00911777013769102,0.00673587849866729,0.00687818411698027,0.00965768196772533,0.00693591876060688,0.00472115068427849,0.00640003076961469,0.00648637118697358,0.0068114122461837,0.00509543686496686,0.00601339337193642,0.00569806551950349,0.00645024559595068,0.00846439002441788,0.00490984007665773,0.00465078306591338,0.00527360154407698,0.00772551982870514,0.00615272009587553,0.0051529218561844,0.00323066910893031,0.00629044872974683,0.00540684404463318,0.0056317234498726,0.00572240588603012,0.00577002455471127,0.00519736035004987,0.00517728840905842,0.0431060437399379,0.00683338731989003,0.00658594849510752,0.00939612798670929,0.0068744724625341,0.00721189345540405,0.00634844140022024,0.00464247088483889,0.00593192132081734,0.00527478834124739,0.00433892153286983,0.00407783968906259,0.00725136714048964,0.00538507953309473,0.00712639539134391,0.0154947250916847,0.00610408013335,0.00593698898574614,0.00607215049310065,0.00501905047893687,0.00533592906840341,0.00933740827153855,0.00795956787146078,0.00558566208727857,0.00683481474092178,0.00599848862665318,0.0058793341145814,0.00649599397035274,0.00552344874422808,0.00566833982861371,0.00537346708111223,0.00568046397525744,0.00887353270110478,0.00524579987651213,0.0051126942495512,0.006890538567799,0.00322208284696575,0.00541243157328174,0.00624628511186452,0.0054493794820402,0.0107427154122943,0.00591642609630437,0.00827333429434273,0.00537322023063827,0.00735547684717481,0.00836887705873488,0.00731806157760891,0.00679683788154802
"Chapare",0.00380323715382659,0.0055013612923577,0.00747247905077451,0.00797395200439151,0.00728304721158107,0.00724301213730802,0.00503004944133,0.00528596310238232,0.0257713533793127,0.00692989959966005,0.00754347907543913,0.005530053098481,0.00648659468287431,0.00655383284511635,0.00751129622977446,0.0070103149015532,0.00493137085159068,0.00671908153412855,0,0.00630658585028922,0.0076263938985051,0.00806790106121211,0.00497799727655997,0.00308005980397296,0.00883763603993575,0.00730506874303878,0.00677729045864016,0.00318209344948272,0.00599593501113203,0.00614287533270124,0.00680582028016382,0.0057102184289374,0.00763590205338012,0.0027257716315516,0.00603919340299198,0.00744609959689995,0.00723064797836299,0.00692456099874336,0.00589524440250706,0.00554593303707923,0.00734896059156181,0.00688584863321738,0.00630141327347534,0.00721733723910082,0.00732062579517642,0.0060369386595643,0.00776467013355956,0.00700973660265073,0.00673112831649313,0.0287861869558991,0.00572359538617301,0.00625510668768103,0.00731161167870528,0.00380212593353025,0.00466685072489167,0.004784541613757,0.00754559128200127,0.00733659540790849,0.00561012117086937,0.00567425121423403,0.00602380620533722,0.00490254891757474,0.007094946019649,0.00576593955052504,0.0167943592390535,0.00618391092120651,0.00733289397272515,0.00515337503235214,0.00651129402589325,0.00758712507194376,0.00704436658424024,0.00645753574382703,0.00752773144750267,0.00648566867774436,0.00630888984714368,0.00639218016135088,0.00563978383461651,0.00773379792305084,0.00716360275870111,0.00742139622184023,0.00642946699799737,0.00730216041786519,0.00728144011781623,0.00638095751285463,0.004453768455016,0.00654994827994287,0.00640330646035482,0.00519552246230841,0.00773853251830728,0.00844967955681978,0.00517837523434067,0.00669380319893545,0.00799523040573126,0.00526201050129391,0.00645398596413448,0.00309561478484978,0.00305373566935524
"Coari",0.00620283000306862,0.0066671552831905,0.00568998052492908,0.00561845099657081,0.00551912856988585,0.00509228747880869,0.00577422766737755,0.00648934365141673,0.0297479731542874,0.00849573580622537,0.00548981979178049,0.00646593289747254,0.00530332221450418,0.00326093368958414,0.00627301882062277,0.00572442422124337,0.00563805856914784,0.0061741389014389,0.00630658585028922,0,0.00650130427425262,0.00967365115815315,0.00648202091466981,0.00625987333819968,0.00901181450347412,0.00748880090569835,0.00584429605920637,0.00645297041936554,0.00569095804503098,0.00660432997677597,0.00308751497012961,0.00577483126959874,0.00543423351652186,0.00590917888464456,0.00717756496129266,0.00514244243065462,0.00583232222951813,0.00557434041138001,0.00651451393426798,0.00499012377638044,0.00530390325919466,0.00507498915691554,0.00357607737865067,0.0049511557742441,0.00550714771837675,0.00489070959584016,0.0064264283061546,0.00571231981995436,0.00534650915825235,0.0516985538488267,0.00625608689861161,0.00534084478939145,0.00771506560302865,0.00637688183403394,0.0071342498418623,0.00519924825206879,0.00606683754991491,0.0056487514308517,0.00556049981482452,0.00560502493602625,0.00558787065600988,0.00683991404281854,0.00518890208317962,0.00646646634921847,0.0187340396913883,0.00497445151092102,0.00522951286445537,0.00529185299660005,0.0052219350004592,0.00551551188713361,0.00817892068877476,0.00753284965521601,0.00577001296403818,0.00514921581343213,0.00429127599985485,0.00513858870062473,0.00518056560535971,0.00590717298976871,0.00598188766310686,0.00605315439668153,0.0052849954719436,0.0097411588551273,0.00576602299798781,0.00529177116969148,0.00504681397180411,0.00565248519517865,0.00454981073116132,0.00557563695331404,0.00529575668817874,0.00894107825986766,0.00561631165455754,0.00673939283720215,0.00580870979112678,0.00686194309042733,0.00794310621279111,0.00655959136558691,0.00617990369769404
