"","Abuna","Amazon1","Amazon2","Amazon5","Amazon8","Amazon9","Andira1","Apaporis","Apurimac1","Arinos","Aripuana","Bacaja","Beni","Blanco_Baures","Branco","Candeias","Canuma","Caqueta1","Chapare","Coari","Curaray","Curua","Curua_Una","Demini","Fresco","Grande","Guapore","Huallaga","Iriri","Isiboro","Itonamas","Jamanxim","Japura1","Jari","Jatapu","Javary1","Jiparana","Jurua1","Juruena1","Jutai","Luna","Madera1","Madera2","Madera3","Madera4","Madera6","Madre_Dios","Mamore1","Mamore2","Mantaro","Maranon1","Maranon3","Maranon5","Marmelos","Maues","Napo1","Napo2","Negro1","Negro2","Negro3","Negro5","Nhamunda","Orthon","Pachitea","Paru_Este","Pastaza","Purus1","Purus2","Purus3","Putumayo","Roosevelt","Santiago","Solimoes1","Solimoes2","Solimoes3","Solimoes4","Solimoes7","Solimoes8","Solimoes9","Tapajos1","Tapajos2","Tapaua","Tefe","Teles_Pires","Tigre","Trombetas1","Uatuma1","Uaupes","Ucayali1","Ucayali2","Unini","Urubamba","Xingu1","Xingu3","Xingu4","Xingu6","Yacuma"
"Abuna",0,0.456326276224845,0.382416981418992,0.380584306247662,0.375681304502636,0.373343653616949,0.393728868342365,0.399452637262427,0.807499777966759,0.474667450931295,0.361438306638947,0.415616953384108,0.320172560708799,0.30904535930784,0.420309713767325,0.317179613330122,0.379923075081009,0.374727630333966,0.36219015836478,0.367515176209919,0.386084669048208,0.587797163265927,0.436984715696243,0.484530788642461,0.518726511960388,0.440201265645011,0.347512880197798,0.440585299591652,0.394918257042443,0.378063080847445,0.326225224157158,0.384042553751227,0.356919670416871,0.417241854152395,0.498733698565548,0.347371442614875,0.331537799063685,0.3569855262394,0.428007628645195,0.386771354635624,0.359549401043939,0.35404377461707,0.350314638109266,0.33277505266944,0.340067901695819,0.259627463655116,0.345485458727503,0.307788462208497,0.330670053712414,0.912714498031117,0.377388131343317,0.418726725309199,0.50837419083592,0.419947942631884,0.410380944105751,0.369705713627821,0.37035462915534,0.418382209020047,0.437713632583306,0.419114649624592,0.425729266360909,0.458685912057391,0.318091224181908,0.437157315323906,0.742659100143654,0.388810020389332,0.37209090885499,0.37245898048571,0.340024941802497,0.386964667460522,0.426698318065589,0.502364591806009,0.377523986427655,0.379490160070315,0.382015079378765,0.360133345169049,0.359127874162919,0.381622292625926,0.379077166778209,0.397750866782114,0.362220119992134,0.557654258190384,0.369493779691997,0.361593290752997,0.419409394664529,0.374571199945003,0.380461499794114,0.421232286374466,0.365417408177751,0.559003224580058,0.400341630576077,0.460494160532889,0.400269022694416,0.45443434112349,0.49815340928575,0.430581326118977,0.376133608966389
"Amazon1",0.456326276224845,0,0.391455330625877,0.412027556866434,0.41547981746201,0.395872454723386,0.422349412171862,0.446804195292891,0.804207889296994,0.44293073327693,0.435433286560255,0.426107527247643,0.460345947713045,0.454150886979026,0.462110490148981,0.412358372653447,0.407169221720065,0.438987475448545,0.473504127462406,0.394678913527725,0.468391343069473,0.515614118305452,0.363709863639103,0.431420212389781,0.515767866628811,0.513207875170883,0.483766054117433,0.494141494238336,0.42762733123481,0.482523303516309,0.452177139668123,0.430439425875389,0.410365163637327,0.335241805306743,0.427744923271468,0.442622826967324,0.440055759271962,0.426154767205223,0.433170980541249,0.368387071533229,0.398818795810604,0.40304256572868,0.398051975379559,0.403487779402047,0.459313292716141,0.432059227362465,0.475218534307575,0.437880382583711,0.448468116753714,0.906488215483017,0.45284276147899,0.493763925711927,0.546196917345729,0.42042243002234,0.397049060600027,0.433183706671448,0.47152244578505,0.453824969039532,0.435658873660341,0.459099224919885,0.456859723581729,0.405807134392686,0.443301547696503,0.534321934778031,0.746506886046806,0.479730236802059,0.424713157872327,0.376676161106214,0.448145967570549,0.46022524490127,0.430294719056704,0.532455665570605,0.425333406524981,0.355079198016173,0.407149295282246,0.390060931280294,0.383624270784833,0.468549272114115,0.456778480815467,0.429016310714366,0.410909255179734,0.485247100115201,0.412333447853722,0.455984802425584,0.5033669721778,0.397081563917153,0.406037427424069,0.427052944617252,0.456105637787254,0.596373001222826,0.435755685507396,0.560732535545252,0.411762216090922,0.422879819520131,0.460399859711282,0.440847885039297,0.472143877615316
"Amazon2",0.382416981418992,0.391455330625877,0,0.131090911569817,0.18409897365929,0.186325780833436,0.304186651536878,0.440444726158834,0.879035893766522,0.524644985290793,0.22272132763444,0.431502202283279,0.313200937264179,0.305596108698454,0.221451558401496,0.25338986128454,0.312494771596655,0.303776349624266,0.442714307770541,0.264289681931781,0.286709811386542,0.586555069908285,0.392189947618714,0.420683844536937,0.573781007599518,0.522435532024139,0.251670509447621,0.450776979826008,0.348890291649398,0.45509486660036,0.333464573927044,0.342796106095441,0.209040666101328,0.338418694417539,0.453864414466195,0.24325171524055,0.235363567273697,0.238131447249698,0.452707711464867,0.295789971965329,0.188314600693938,0.208924671011671,0.27151322719906,0.247944541689336,0.215523827534361,0.31044808496038,0.28902365738129,0.247688818082222,0.310817482415336,0.947915894250573,0.381014259698575,0.438162811469313,0.536367887636086,0.41856764716069,0.378991724383498,0.374837290775414,0.30418451024563,0.180465023042419,0.29481180413506,0.283379294836519,0.319590247731065,0.390919701893037,0.320895849387695,0.506107604703913,0.81514745079914,0.388139999101017,0.183690276619451,0.340753737077385,0.317572234534133,0.226364322749722,0.487005733086774,0.526534778250098,0.163829170668916,0.280659126098403,0.253014078624196,0.239640515318696,0.295158188889125,0.247279641763449,0.245023604465755,0.148636231204287,0.279729030586691,0.566541524343139,0.198205960935389,0.305877330576736,0.429067445742741,0.198293884871647,0.245345629766778,0.38891905981857,0.272436309857808,0.649486322240033,0.349253939789783,0.520071462441395,0.195777966697981,0.417692923568436,0.520084641280074,0.433172691921771,0.42774816924633
"Amazon5",0.380584306247662,0.412027556866434,0.131090911569817,0,0.155346441468537,0.184922906036951,0.287907836820377,0.426639584706004,0.877248199992416,0.524496869574626,0.201459094739261,0.449263233577205,0.314668626888563,0.308002634205702,0.196977209386478,0.235883168446071,0.324308918854353,0.285561873727055,0.451388266264194,0.271710912113301,0.282636288038196,0.615904341614086,0.402466584915247,0.406821682647005,0.590892309493967,0.534834048173886,0.237615955129007,0.465819982252418,0.355075144003424,0.460780245447476,0.339167108608271,0.343204677077559,0.196608001406538,0.37757226426663,0.453996844256007,0.227405671229806,0.223064496161314,0.233270354609745,0.44234311233171,0.282866559069691,0.181196999715659,0.205817344791961,0.259268835338923,0.241191873611821,0.197031789083616,0.312684577722446,0.295838665539796,0.238335939502659,0.319317726480832,0.949107067118265,0.385250224535666,0.442687556817253,0.542280536507356,0.399739433623174,0.369812732042948,0.382869026125074,0.303879336619147,0.162310968717326,0.27445901286966,0.254001792801085,0.294569901654803,0.366542615721866,0.318330285270404,0.515713521020158,0.820938437022468,0.391354358566452,0.177505564003546,0.344675575511,0.329635495995434,0.219184826761957,0.478209861374739,0.531701850516738,0.168200632176451,0.292979834442117,0.249283424685724,0.232648295259181,0.294305423108904,0.235026693559075,0.233899654599356,0.134444538368542,0.278196718138191,0.563947513577161,0.182581290552845,0.295102382939572,0.431770216514323,0.154236480782113,0.233640532801842,0.365589534106641,0.271948322277624,0.651722819562422,0.332356179796183,0.530032996249421,0.188653372429789,0.429980837872964,0.52697990322556,0.425519131887127,0.428600268571721
"Amazon8",0.375681304502636,0.41547981746201,0.18409897365929,0.155346441468537,0,0.145801384829714,0.274525892717174,0.422944478222961,0.874969679052338,0.538702454155187,0.18812594605934,0.449564320814464,0.325299636559209,0.311530796442935,0.193058237775382,0.229355518410308,0.285081902730933,0.289548876788936,0.458340221118267,0.235911129042024,0.282498331714733,0.609701348246064,0.40552027407064,0.369821448414908,0.601334294336779,0.537511377812201,0.255557858422473,0.467648678201324,0.361191288122315,0.47367715648972,0.341139499455538,0.353240658886302,0.184871501960892,0.373818136410408,0.402813097653485,0.217550856685699,0.210274200260971,0.224606709282623,0.465840177534533,0.274267021169798,0.162898650349984,0.182049828999067,0.239307022585914,0.231840419670896,0.1979247830477,0.305014254000979,0.306923124478409,0.242104856519555,0.326002997287978,0.946122599576772,0.381219781136721,0.444053542555642,0.539536490360998,0.358455669090987,0.346655614787894,0.380011946838636,0.30928182987956,0.144575415252082,0.253951220346737,0.221868377765427,0.281176126239795,0.357231242811975,0.32456504915944,0.51207155544584,0.809527395474207,0.390375008196857,0.151803286819718,0.328389703923633,0.323943191688995,0.225069755959748,0.467734355269259,0.53449815463046,0.158690473987925,0.270223450264876,0.209799552875006,0.202521619509482,0.277202629638362,0.239419916864819,0.243260727334277,0.172454457017437,0.290144324898144,0.532340505398345,0.171069665134097,0.313450541106008,0.440656671258355,0.189240389786119,0.190081508978759,0.360119992734397,0.274433239326,0.645834124595088,0.293372032276752,0.524956457869273,0.204320763172937,0.42483172650814,0.531615029771291,0.442896338786609,0.443419402074199
"Amazon9",0.373343653616949,0.395872454723386,0.186325780833436,0.184922906036951,0.145801384829714,0,0.265620549584148,0.413721290276866,0.873288568261235,0.548112184116143,0.223646138911654,0.469224167034774,0.320399336003905,0.321846878439273,0.207885468757115,0.235055843608189,0.287845414876797,0.294366682384189,0.440898490733323,0.239824214253313,0.284958699002634,0.604096035772515,0.395254126149266,0.366484594566853,0.598245079640392,0.527173012270443,0.275501355566662,0.447459947740939,0.384937081645956,0.462542379781509,0.335109378240424,0.371956154489812,0.192200702910029,0.387020108486387,0.41155458542126,0.224585954701559,0.23792246977808,0.224819842492867,0.484657108868105,0.281485471456016,0.159960175196319,0.188110138000573,0.212567076099459,0.220168828505407,0.205475563444954,0.305050486007014,0.307282120631627,0.250305017590628,0.330135413846794,0.947296998043565,0.358896123591751,0.431032488762041,0.529797443939738,0.368118231282531,0.346597177014241,0.37639198526745,0.307569848427174,0.155227828766806,0.261131266220101,0.246788878156813,0.302886878689658,0.366072246286824,0.317538819942359,0.502797839497229,0.805809489091922,0.375891253737038,0.169195021611158,0.302784215695318,0.318837894999647,0.23444599162947,0.464141154361247,0.515124766020397,0.141073636772154,0.249482510883593,0.22494018566292,0.206014683445588,0.26431488746194,0.230793402280008,0.243650623989947,0.200830835999965,0.300391035166972,0.538324422142251,0.186868133326111,0.336889635555447,0.434559566099359,0.211575572751718,0.239176612063424,0.37437662484694,0.27438262560103,0.638452948173301,0.316414274925302,0.524762518754907,0.233498915868059,0.446095688288357,0.527961847070498,0.4645288821281,0.430716675567305
"Andira1",0.393728868342365,0.422349412171862,0.304186651536878,0.287907836820377,0.274525892717174,0.265620549584148,0,0.344561179180848,0.849168144218653,0.488121675757342,0.314812186910297,0.435676784165543,0.405534929068357,0.368029654438835,0.339626773623436,0.321859534465268,0.293857317665348,0.340362932921708,0.487328021515456,0.252485223800061,0.390290304287183,0.553628294695786,0.34474088260241,0.356357630590011,0.545022874571648,0.513167887344255,0.381408955632731,0.449231842231933,0.39897436277453,0.461501388652032,0.383188900052304,0.360200317203303,0.300744855876559,0.406726491102725,0.359441078068122,0.324894965637394,0.329410985855333,0.327136236226772,0.458257711773681,0.294441879670054,0.24607734666163,0.27718284145001,0.307369362565785,0.307991604491276,0.33357098423479,0.37575369846483,0.414100927478449,0.352451461817798,0.395599803785979,0.92794681737914,0.384336040925984,0.493165341496088,0.567667487910852,0.343861838558616,0.275841997254995,0.383569972289371,0.390187746994783,0.31671421496084,0.331250428777528,0.325874019574934,0.349254323976655,0.3196600895961,0.393918755095565,0.508141464250187,0.755692166181286,0.432919754612175,0.289581461353545,0.287693522598748,0.394504824376324,0.350690686377775,0.429077441945577,0.547181666560454,0.285266582550448,0.298685037777692,0.238499192402238,0.298582881550685,0.356199646646756,0.350471901107833,0.366362359052026,0.298080631057091,0.321181800162395,0.47645783259071,0.27713120518046,0.378117480750941,0.455799893811097,0.27852710771944,0.24411732443372,0.374783316806124,0.368154458452825,0.636208284580359,0.302507941810421,0.554983090136475,0.33210100875715,0.449165730670663,0.514490035555646,0.43935972984835,0.454671685433433
"Apaporis",0.399452637262427,0.446804195292891,0.440444726158834,0.426639584706004,0.422944478222961,0.413721290276866,0.344561179180848,0,0.805772059027793,0.432979853431545,0.421322799426828,0.415399069680915,0.462280854096864,0.421962731914238,0.444151742582402,0.392085352414827,0.361323825716677,0.366485194140658,0.461109576791486,0.357726702734119,0.45217590004587,0.542000348729826,0.413093574461476,0.414342646247835,0.492587711822335,0.481949772872156,0.473632037513349,0.489705111217738,0.415040262549291,0.451052442991668,0.438242781584707,0.353281874819232,0.427930722479147,0.435227099879142,0.359994468284125,0.411542408560328,0.416612235666834,0.426151936602563,0.416924887553716,0.413319998812093,0.388875304370378,0.428256754609452,0.384336861665667,0.379637247536654,0.440154683363304,0.403571381644593,0.474635659362331,0.431395754944366,0.439336546289027,0.907531131230264,0.422722296815795,0.511486448206156,0.558105544194064,0.385558855799341,0.352372185187576,0.426564260838247,0.442125845658044,0.454558540047906,0.433784767702221,0.419865576898064,0.41175620917024,0.422115457708989,0.43645870244351,0.49977684936241,0.709945283902052,0.460697326021865,0.423304358470061,0.353922343686948,0.453284038281502,0.429356449012448,0.413344760718359,0.533503134494721,0.435109387975718,0.395414262843595,0.358351350100059,0.409050234908798,0.397250103549432,0.427872622426884,0.44602780706847,0.43235589277651,0.356185411063945,0.485934846429736,0.399827759001062,0.422073123036556,0.474282603913726,0.406394209655601,0.35253520508897,0.378408146305413,0.427871363287118,0.577830062531549,0.382487710989786,0.540194580207129,0.442569919359279,0.442458538989904,0.467691975768541,0.42133015807121,0.454685447535296
"Apurimac1",0.807499777966759,0.804207889296994,0.879035893766522,0.877248199992416,0.874969679052338,0.873288568261235,0.849168144218653,0.805772059027793,0,0.76465996659416,0.869569950859667,0.790665451986896,0.817377362458703,0.828210137103233,0.883483434534617,0.856316489213513,0.838200689535798,0.833538505580619,0.760295164827705,0.853928121674421,0.850584817033765,0.735956440182141,0.798090067907274,0.809585592644048,0.735482329686526,0.72443134025616,0.866657216729844,0.735937463859025,0.829571832376355,0.756134766148904,0.8250801633411,0.820859566246031,0.871547651596786,0.817654916282162,0.803817464101148,0.868734049104056,0.869117272709054,0.859452369767541,0.786137251152021,0.837283919449185,0.869722497785703,0.863961129407664,0.843987501660347,0.85680008128356,0.87848342767424,0.833966747791094,0.83528317114861,0.858559520733381,0.838020232432818,0.473155546670604,0.801979496012525,0.780579188613112,0.713664997994282,0.815068551330701,0.827550454318254,0.823485065004164,0.835783642621088,0.883832144586041,0.849541825729766,0.872931525730427,0.855756356245008,0.812798003854244,0.828340770090389,0.720450422855395,0.708591032187897,0.792795810821411,0.875264157283427,0.835479682128616,0.826900510145112,0.87157917037643,0.779519081517064,0.731526449887868,0.872362386741074,0.839937569232556,0.860060141843536,0.852807073601811,0.84491809889752,0.876022363784315,0.870700499286,0.880473514186356,0.834691831475805,0.741393438067603,0.867952228665252,0.851115901134711,0.796012644255874,0.867036252399921,0.854866942814661,0.797772463792581,0.85088808621724,0.58233934437699,0.834978836793276,0.695790210499815,0.878215583553875,0.814925725238973,0.768469253901931,0.800100450229453,0.79947181748831
"Arinos",0.474667450931295,0.44293073327693,0.524644985290793,0.524496869574626,0.538702454155187,0.548112184116143,0.488121675757342,0.432979853431545,0.76465996659416,0,0.496733266119648,0.351519283863753,0.538610891463553,0.476320991807658,0.546779298019573,0.504806678450199,0.472336788166735,0.496820982660305,0.486088301479316,0.508881003587414,0.556341382633582,0.525621834950271,0.418431539119751,0.482583802562466,0.390720092938279,0.484737255625794,0.523528805380961,0.515533283865118,0.408920464852579,0.500943825340219,0.493990444263238,0.398710938534222,0.531561526860058,0.434339688090562,0.478228025028578,0.536944407824005,0.506845036937188,0.532241622401561,0.229127565204302,0.495535318469392,0.523967667743412,0.528670574686252,0.542264587964335,0.525800182927818,0.550958438319815,0.508717221437074,0.556833789160056,0.519207472248173,0.504258264092254,0.884880564642553,0.522676953908489,0.543377616388964,0.578793522486974,0.481818538374468,0.478005666807737,0.454250214698704,0.523415299466528,0.566990547212609,0.537817182143911,0.523232166693323,0.494201566946895,0.498566262522766,0.512919181669651,0.529895223759834,0.700652217097059,0.512005695716263,0.545825946910662,0.47126481641902,0.524990225593882,0.545464145237287,0.406067174909214,0.530542280221872,0.545413408417153,0.520362746032655,0.499599160128341,0.539631991519478,0.495150218333268,0.551592137305568,0.552122942315856,0.516469929357936,0.418924406552288,0.509858642892534,0.528205966361714,0.376912720026417,0.523252745805749,0.508897029715249,0.481612237884891,0.439856042147287,0.551001865624906,0.559442181017283,0.493286719773373,0.54631643642937,0.510485967773189,0.393459541468098,0.383531003556536,0.293540817991405,0.475596117612037
"Aripuana",0.361438306638947,0.435433286560255,0.22272132763444,0.201459094739261,0.18812594605934,0.223646138911654,0.314812186910297,0.421322799426828,0.869569950859667,0.496733266119648,0,0.438257848889643,0.328702766556481,0.322919154426643,0.198847098549376,0.202044993208595,0.306846057874482,0.275661639812599,0.438222338827279,0.249895875752688,0.275210087900777,0.60812624139363,0.407411188724311,0.396100628859677,0.584850573876683,0.520363465857106,0.230215589643454,0.460484636441897,0.336616887857602,0.448010510620515,0.34446466163518,0.304679843205257,0.238848798910392,0.381663351103321,0.421806277388835,0.218975327203267,0.160703097594931,0.227633735688683,0.402670355456863,0.300833949060022,0.20461669287509,0.181413934060095,0.240996957748241,0.224688054611824,0.16898921243512,0.282101023144005,0.29556887863208,0.221873581772141,0.334199692506142,0.943982171799878,0.388469142592285,0.423073211663305,0.521857353075395,0.342244233290729,0.368420339485015,0.377597770926821,0.293760712779389,0.200666839152665,0.288683224969227,0.24932890763504,0.282687431581038,0.401613231355701,0.315175282603542,0.477519374671141,0.819915330837334,0.374506354366806,0.194121467855984,0.339344870283468,0.311584565873807,0.236682242925805,0.416828921862156,0.520707470444359,0.208183482466898,0.329118417709729,0.268838002214837,0.260101202414348,0.313324869976527,0.245447204173927,0.255759074771785,0.188314088171333,0.266294321505961,0.547457689237758,0.215317067859985,0.254177772415962,0.415326208747878,0.215753888469584,0.257644899914392,0.365493487458014,0.277689004143197,0.62592025772214,0.318205754783699,0.5022208640112,0.219159927026085,0.412625252139548,0.517298046846472,0.393936659953975,0.441750975875207
"Bacaja",0.415616953384108,0.426107527247643,0.431502202283279,0.449263233577205,0.449564320814464,0.469224167034774,0.435676784165543,0.415399069680915,0.790665451986896,0.351519283863753,0.438257848889643,0,0.480325024298892,0.41682124740352,0.468349058805237,0.420553211873938,0.430959769114615,0.420344195100872,0.445331728228165,0.407872247302036,0.494262054359915,0.493819151921779,0.403614200162757,0.439635328882999,0.389466418734822,0.465786314101909,0.466325222754178,0.476056994876981,0.276076828556085,0.463299444381836,0.432089980031446,0.339385999238962,0.467581532306069,0.352450287816006,0.433615743223506,0.459800072544155,0.440529261488061,0.473246721990657,0.331975518152807,0.43792600647693,0.458717919251106,0.452178156370693,0.476889041575285,0.475760879790425,0.482377413431761,0.431303180286343,0.480070420476146,0.458053185673949,0.450627201772427,0.903126038986566,0.463286547078953,0.472399008834285,0.528737227985897,0.452816125379174,0.412873455272256,0.432787934477975,0.477036779024605,0.481340639056903,0.459700769929745,0.453906467140692,0.417232771938071,0.45658029488041,0.457841660669431,0.492203870062716,0.700066917910715,0.450146228474152,0.458261712229313,0.406114788864783,0.453715076904361,0.480351345722234,0.378984760118053,0.520731535162092,0.46907927248174,0.466735148739063,0.432636702418407,0.47053844616422,0.438271423654027,0.490666635416406,0.493931855427863,0.417509042367946,0.331557050855088,0.488141898890159,0.44312545833633,0.351787699964162,0.48346803858761,0.426749669617867,0.398291787484099,0.38782117314775,0.469477295574725,0.581010264326458,0.442068236064082,0.501093240944012,0.375282684056794,0.256538331187436,0.332155486311742,0.302586528466993,0.45519854653334
"Beni",0.320172560708799,0.460345947713045,0.313200937264179,0.314668626888563,0.325299636559209,0.320399336003905,0.405534929068357,0.462280854096864,0.817377362458703,0.538610891463553,0.328702766556481,0.480325024298892,0,0.22016766294642,0.35609609687842,0.302095037329933,0.411800942645695,0.311402622723838,0.267526305345826,0.365309626418805,0.266744958521594,0.641440456326364,0.48525318480548,0.474605436083044,0.586262978143788,0.380480206096524,0.214420523205332,0.350242693589455,0.429435655351233,0.301691698400045,0.21247445272385,0.405295466935499,0.298039779250953,0.449453177736133,0.513967127247319,0.273175091734021,0.294751607027879,0.28505819590303,0.472141708372743,0.378421697326464,0.303120480154599,0.312392233931001,0.336431898817292,0.278057678758169,0.246439212817191,0.283200465165896,0.16424640812819,0.203092632103294,0.191890559107995,0.915340383522684,0.33779267744035,0.363799977714486,0.436794044071122,0.494066446916073,0.443048147510969,0.368324063709285,0.275245099893545,0.335129186513698,0.427761127209633,0.395692904839207,0.407536660621401,0.470718017888019,0.198185823642224,0.395029645370623,0.809407865619137,0.320781322477339,0.3126436354021,0.37517771253322,0.261920756097609,0.289043831695995,0.49744048476365,0.440494408176735,0.291993909545104,0.341302724133271,0.35358803211086,0.313076594454018,0.336075028533565,0.274565467612687,0.279465999431436,0.325977100088929,0.359951982896425,0.561932510123064,0.313171767077006,0.375050925131344,0.406646829463513,0.36626877884857,0.390145807738616,0.418803570912314,0.25430931470216,0.537235148040634,0.431136617508102,0.39313504682797,0.345014905127108,0.479516304209373,0.531253916107268,0.45548505207173,0.291050867317083
"Blanco_Baures",0.30904535930784,0.454150886979026,0.305596108698454,0.308002634205702,0.311530796442935,0.321846878439273,0.368029654438835,0.421962731914238,0.828210137103233,0.476320991807658,0.322919154426643,0.41682124740352,0.22016766294642,0,0.347037613840526,0.287495159549656,0.391886047823711,0.314747691379576,0.31764306954282,0.334002697214335,0.313380306760154,0.613806177318788,0.436854860100624,0.430864952838445,0.537266020674583,0.422467801884269,0.195626086630146,0.381327355345079,0.371389502738566,0.309125122594117,0.131661629495269,0.36099047635815,0.310208623844654,0.397954430825893,0.465239397999637,0.28608110037102,0.2800126180411,0.310504411946479,0.436502083504998,0.344897027481016,0.302442742660777,0.304805129297763,0.340262071452019,0.292706419108361,0.270415458857629,0.266733946759407,0.259570249293109,0.209181184130893,0.158983456479819,0.926249461128264,0.334342607707626,0.41167364986653,0.493349079407863,0.421865228350321,0.420527971286872,0.34118405285203,0.311247235238391,0.327435300543406,0.382066722486422,0.371470551624406,0.350537634677433,0.428923641318175,0.22424540041455,0.42581872634126,0.790254547288748,0.356836987449527,0.302467816439699,0.359933089035196,0.302070893491725,0.316778924475987,0.45686159698401,0.477535494759524,0.293035721203148,0.340480151006746,0.306905764120651,0.321385950253536,0.340569892963146,0.309697769783854,0.299418888155756,0.314725470435337,0.32299808053749,0.520368832144554,0.298310544650889,0.344353956214544,0.388260176052446,0.338264048029231,0.355122061183862,0.359500120416078,0.30529937642829,0.588986710029427,0.384149504823238,0.459641170935968,0.327531891640625,0.413306007231093,0.495110943774852,0.405053555539084,0.272562538581241
"Branco",0.420309713767325,0.462110490148981,0.221451558401496,0.196977209386478,0.193058237775382,0.207885468757115,0.339626773623436,0.444151742582402,0.883483434534617,0.546779298019573,0.198847098549376,0.468349058805237,0.35609609687842,0.347037613840526,0,0.269129207540854,0.341482731409323,0.288924076681732,0.492302581146422,0.298240581699827,0.296746687084312,0.633808154785787,0.442642983077974,0.383197613421269,0.625857772649383,0.571275953579699,0.256511813568406,0.482801415707924,0.373308514245168,0.498423245972792,0.373075592492873,0.348038876858428,0.247662129377406,0.404710265298734,0.46170596773293,0.250390079618097,0.22094012372284,0.256034621930898,0.473801171864731,0.32956206773625,0.221407485953357,0.244702081741712,0.298299903507811,0.283538467820849,0.218784410494446,0.346439400000564,0.313646162382604,0.27919735675583,0.365964604868095,0.951457858422659,0.419950744711484,0.455688901173885,0.547650973361756,0.394569028753308,0.409087954966734,0.412633215236473,0.315039499213445,0.147992723019758,0.254722180285025,0.182299373037205,0.250138131228243,0.413840173089469,0.352156749358996,0.517658780393811,0.831708357672785,0.405645702950856,0.190920607713796,0.372315217863369,0.342670824101929,0.237506452305773,0.49347022652855,0.546599320652367,0.204426923621039,0.348347971717844,0.286977906188181,0.284901818633155,0.349806226379674,0.241336807110451,0.25841381218524,0.175979350956611,0.289397047654842,0.561773640947922,0.225275765802265,0.298312915188832,0.446675073199571,0.207907521493926,0.261849601218533,0.369818521372654,0.295806811189371,0.661280290672453,0.31741102445058,0.534792243044189,0.209722005998294,0.449533317963758,0.550142786873039,0.43908537846413,0.48592130965058
"Candeias",0.317179613330122,0.412358372653447,0.25338986128454,0.235883168446071,0.229355518410308,0.235055843608189,0.321859534465268,0.392085352414827,0.856316489213513,0.504806678450199,0.202044993208595,0.420553211873938,0.302095037329933,0.287495159549656,0.269129207540854,0,0.329068407915071,0.260571221123261,0.394329209956209,0.26419453357895,0.264654699605251,0.629920335865512,0.403612730784871,0.418011048823935,0.583423399893801,0.495815809737745,0.237594095749845,0.422579648220447,0.345300470729331,0.417230084551031,0.311707469090346,0.339826484114731,0.230702810562256,0.373077448254882,0.452048032343078,0.218895861353033,0.168093498038083,0.228261329734486,0.435787386795412,0.301375689786916,0.222518787297694,0.21487669788588,0.245610182298595,0.216892311813376,0.178643469461525,0.253490883377838,0.279644532296464,0.224239296225518,0.294786490106695,0.937058174229331,0.34516754586116,0.40352341863931,0.501402602158912,0.361307778346545,0.380013240353074,0.337243538852042,0.285602037036809,0.250251877466733,0.335226231355293,0.303556181837198,0.323025385678254,0.424098692782939,0.295356243954082,0.466001543297264,0.789690513517078,0.350790242167432,0.211050419193095,0.303433068353952,0.296542326397611,0.244338950113655,0.420858279757412,0.493642790559223,0.231685250887053,0.295628741223863,0.265219517434804,0.257053250214949,0.284248586839142,0.238246034398332,0.243291693499718,0.23618788589672,0.294377350151799,0.531425803328426,0.223728294353576,0.311862585117352,0.381743028620483,0.263276784083469,0.280352165004096,0.349956831635945,0.264556776841409,0.612149040778465,0.342562505570828,0.482846516493541,0.251702653150145,0.411787773914468,0.504709482810845,0.412223983413284,0.39728796223541
"Canuma",0.379923075081009,0.407169221720065,0.312494771596655,0.324308918854353,0.285081902730933,0.287845414876797,0.293857317665348,0.361323825716677,0.838200689535798,0.472336788166735,0.306846057874482,0.430959769114615,0.411800942645695,0.391886047823711,0.341482731409323,0.329068407915071,0,0.363688014129255,0.473831504627086,0.295545775970263,0.408280126929952,0.524277682210373,0.380669867959598,0.357096053385243,0.540077369411096,0.519306359584966,0.384673525393037,0.492835825643061,0.393771946991783,0.468328517778593,0.403547305863019,0.336520804244207,0.326142738772531,0.368251918276945,0.351952156282913,0.340895521567987,0.343427854103547,0.352742806483396,0.439131830363908,0.319701630568567,0.289535466520197,0.28698822919542,0.305091867839714,0.343471682233793,0.346479652198714,0.336132253630846,0.41973419459517,0.360493585737544,0.406755506800674,0.927916404045607,0.396576248525982,0.491771245904441,0.561318101805417,0.323890331447369,0.3016131780131,0.39193207730091,0.406636142543115,0.333596430635404,0.306492868912753,0.313560858937362,0.359393729186779,0.375824410432526,0.413437133947599,0.513878110724588,0.761724739051369,0.440806195446879,0.306059547912543,0.327367397734292,0.394973607453133,0.374638307965454,0.422714193268577,0.547480571940227,0.304715320222097,0.360850473431134,0.278161845901608,0.337694259364392,0.352571131059035,0.368359603412869,0.377741463509456,0.317098496040713,0.315009378100038,0.513272740712163,0.304192133758441,0.34830119199701,0.449158674839689,0.279795305567498,0.270857858484125,0.385723826124876,0.395665374885194,0.62321456838039,0.312900412243308,0.53815161599004,0.348502893018874,0.393339899404744,0.50287238979171,0.422234063781671,0.467084965917832
"Caqueta1",0.374727630333966,0.438987475448545,0.303776349624266,0.285561873727055,0.289548876788936,0.294366682384189,0.340362932921708,0.366485194140658,0.833538505580619,0.496820982660305,0.275661639812599,0.420344195100872,0.311402622723838,0.314747691379576,0.288924076681732,0.260571221123261,0.363688014129255,0,0.385102683892915,0.298959532908318,0.229172931634256,0.619542105055648,0.416815701303019,0.437691963979774,0.571803986495153,0.484764995672159,0.297172968633989,0.37327319065595,0.381238421179149,0.417715758475297,0.332708622989805,0.342380472528012,0.266860196821638,0.402714409032205,0.45417439406564,0.246540048889289,0.27365100248055,0.246818025079241,0.431215935125812,0.339279980777645,0.285196018425867,0.302710747214664,0.339805839196694,0.296093472116651,0.266650768228922,0.349057453699682,0.282736036464365,0.300339668285066,0.328432584382515,0.927648436518538,0.331510115770237,0.339613234581547,0.456574088884522,0.426281265145681,0.406924729872829,0.309924401002947,0.234432204429607,0.28342936420616,0.354944370309402,0.320809131954472,0.314943580380057,0.451145775140261,0.310296680609492,0.404084350987233,0.79914705356611,0.293084094806954,0.274463569087697,0.316387922857543,0.296035145890679,0.194290898438626,0.461887360734802,0.4262231032923,0.294107350825576,0.349760221844899,0.308649911957444,0.310222063673713,0.316004610915482,0.228799702158908,0.242936412921712,0.284828093484463,0.298846395324345,0.524241067634807,0.25551696967802,0.326686776093121,0.331243614564088,0.311282725124272,0.305437286473886,0.321035360344662,0.226856297897154,0.55664214718396,0.376868113689387,0.425429733213235,0.294143152938789,0.440490651959432,0.525490141573219,0.418472829286955,0.413053974111655
"Chapare",0.36219015836478,0.473504127462406,0.442714307770541,0.451388266264194,0.458340221118267,0.440898490733323,0.487328021515456,0.461109576791486,0.760295164827705,0.486088301479316,0.438222338827279,0.445331728228165,0.267526305345826,0.31764306954282,0.492302581146422,0.394329209956209,0.473831504627086,0.385102683892915,0,0.42850058280243,0.379892209321473,0.587171465998814,0.507794048053519,0.539278701118851,0.500336277318601,0.286454985696988,0.369498556905297,0.349790440420185,0.437052380898492,0.225021080491822,0.30675046031503,0.431893494809974,0.422515305542688,0.472556511032243,0.548562265498825,0.407898369133192,0.411409241494955,0.405387046245737,0.436005731384545,0.470344982832951,0.432573259917137,0.425300119262387,0.44649982706458,0.39068013998234,0.400685200894834,0.348269620782256,0.31802340776542,0.356657298241675,0.279470222364957,0.880485256964265,0.377274061442339,0.359771308637604,0.411053274950039,0.491132753566211,0.487224712365723,0.415382400315948,0.381053246944595,0.477731743323622,0.518835406968435,0.50855356730718,0.485040168635583,0.523289274302405,0.305987422283211,0.357138751396011,0.761328990909589,0.352918018069788,0.4476359742849,0.419210077538522,0.337810092531627,0.426383881937483,0.488243527136887,0.384758598547163,0.429541473176065,0.414736656636167,0.448246274201439,0.431363784963581,0.418008614507664,0.414168637238418,0.416648058318116,0.462435516979904,0.432224380656985,0.544815830677445,0.433962748445963,0.431796494111187,0.421417541862646,0.482278260105941,0.470938591755882,0.450953529686317,0.382444407239737,0.473123381271346,0.508731617119851,0.362559005577756,0.469092333294968,0.453776056099564,0.523892285451064,0.440196935777001,0.27469280614531
"Coari",0.367515176209919,0.394678913527725,0.264289681931781,0.271710912113301,0.235911129042024,0.239824214253313,0.252485223800061,0.357726702734119,0.853928121674421,0.508881003587414,0.249895875752688,0.407872247302036,0.365309626418805,0.334002697214335,0.298240581699827,0.26419453357895,0.295545775970263,0.298959532908318,0.42850058280243,0,0.312309252143758,0.562432090386615,0.381287645248451,0.371619992570602,0.549097843550713,0.491018313873084,0.337304820129848,0.439865802533429,0.378805136409449,0.420375201574653,0.353168665085701,0.346793113478765,0.24816913983855,0.372774815695633,0.374752832305758,0.242329012182962,0.275478098774368,0.240198433405842,0.446512012116946,0.278619303460085,0.222652362357696,0.244198089696855,0.265958117752734,0.265917695997124,0.272500049820477,0.323526557845089,0.35065194629188,0.305431722169838,0.339922155607299,0.929657553455792,0.326256689106258,0.416316158211961,0.523513993792949,0.352378006288366,0.327328673966562,0.335703837347349,0.325483805785945,0.264944285009563,0.307130732452435,0.312382874323885,0.357974336455168,0.351483741567085,0.33151570888524,0.465823222635743,0.774119669859969,0.369560815871694,0.223559748823944,0.261305391617289,0.334391271492757,0.280840093477094,0.432636067464641,0.505357242783524,0.245179373046386,0.259756851201462,0.194836553576976,0.229718346596908,0.276068984434804,0.286361521188036,0.291363442749414,0.275908652011177,0.297074894296513,0.484853505589325,0.215515554118479,0.353165459895444,0.400481314489006,0.261883769930104,0.248874560178224,0.362292775250586,0.303350889418596,0.597412030687649,0.301709854287977,0.496081676114529,0.303275433146816,0.420185958518653,0.519405012219692,0.431153593097844,0.416815067829336
"Curaray",0.386084669048208,0.468391343069473,0.286709811386542,0.282636288038196,0.282498331714733,0.284958699002634,0.390290304287183,0.45217590004587,0.850584817033765,0.556341382633582,0.275210087900777,0.494262054359915,0.266744958521594,0.313380306760154,0.296746687084312,0.264654699605251,0.408280126929952,0.229172931634256,0.379892209321473,0.312309252143758,0,0.65379471818473,0.467284742782373,0.48284251080873,0.626166274278792,0.501229939867408,0.267895146746696,0.375984937332482,0.424318686276522,0.406463453145021,0.322418171866166,0.386242427834899,0.233375584374779,0.435285246693459,0.522657564952457,0.199230378472801,0.252204168269382,0.207465859105335,0.482364976613633,0.342907255525832,0.276499590226089,0.292059776531946,0.316454969143667,0.257501539026902,0.215164608897798,0.333455375301441,0.227880887848015,0.271776770624366,0.302004683783395,0.933800513650068,0.318601906381664,0.293890854948457,0.433778891638782,0.471199506346727,0.45460474249797,0.318349944039161,0.136433502347238,0.282624958894264,0.385054573033278,0.357343785907017,0.37457193777315,0.489832738511923,0.267092238466358,0.41963909637542,0.827160371946087,0.26433096184611,0.255003841599446,0.358375266327301,0.273299360716256,0.179785373109886,0.505419815873866,0.430571040604012,0.266638521619532,0.323132972124856,0.314584457582882,0.272066240102969,0.294561682172902,0.194331175349979,0.182210137285072,0.297631104834128,0.3467111118492,0.569320525936804,0.24850477301158,0.372134296972065,0.335954522071257,0.328211781581105,0.358705320902474,0.384704748162747,0.18571092360276,0.57891155773739,0.422910906238865,0.430226319279324,0.29574421974692,0.484139580946512,0.554787161888269,0.484268157529733,0.41325768466362
"Curua",0.587797163265927,0.515614118305452,0.586555069908285,0.615904341614086,0.609701348246064,0.604096035772515,0.553628294695786,0.542000348729826,0.735956440182141,0.525621834950271,0.60812624139363,0.493819151921779,0.641440456326364,0.613806177318788,0.633808154785787,0.629920335865512,0.524277682210373,0.619542105055648,0.587171465998814,0.562432090386615,0.65379471818473,0,0.504987827857372,0.528019889905487,0.447508994491125,0.552148524704591,0.649700309672627,0.600488258030159,0.533851411154773,0.59982638779533,0.608666030132315,0.52854429448675,0.619360201386811,0.5144870522229,0.474353484846969,0.622566044872445,0.612661358150228,0.636039512030722,0.52853920918085,0.579230505891028,0.610017309441452,0.599771074787061,0.604796789511036,0.628044771344751,0.646102096288883,0.606931148173888,0.662690605996582,0.628575499257112,0.631167712469192,0.845534417977751,0.567836879977289,0.579892732284988,0.607867024606468,0.522990642893988,0.523366571388329,0.564881924710731,0.630620621848823,0.646178012107515,0.594789379561161,0.626994319740894,0.616006819897252,0.539700679102518,0.623491999385105,0.604652889123841,0.593343785507763,0.602397051026208,0.619098128470696,0.554441504042147,0.612290588672802,0.656137206346647,0.516853707600758,0.595728617443399,0.626839659276588,0.608028229230748,0.567057323260525,0.640442722390847,0.575710764046764,0.640895511404672,0.660390949751669,0.622637005425613,0.558607287515864,0.495482770079534,0.620271915572506,0.563809481243665,0.579908881323081,0.592543143746443,0.550823051543905,0.561107202958289,0.648387421206993,0.580799209372492,0.583112249205744,0.614159776467099,0.623057338287293,0.545022810025922,0.514629329511944,0.530576388970723,0.573116220982196
