"Abuna";"Amazon1";"Amazon2";"Amazon5";"Amazon8";"Amazon9";"Andira1";"Apaporis";"Apurimac1";"Arinos";"Aripuana";"Bacaja";"Beni";"Blanco_Baures";"Branco";"Candeias";"Canuma";"Caqueta1";"Chapare";"Coari";"Curaray";"Curua";"Curua_Una";"Demini";"Fresco";"Grande";"Guapore";"Huallaga";"Iriri";"Isiboro";"Itonamas";"Jamanxim";"Japura1";"Jari";"Jatapu";"Javary1";"Jiparana";"Jurua1";"Juruena1";"Jutai";"Luna";"Madera1";"Madera2";"Madera3";"Madera4";"Madera6";"Madre_Dios";"Mamore1";"Mamore2";"Mantaro";"Maranon1";"Maranon3";"Maranon5";"Marmelos";"Maues";"Napo1";"Napo2";"Negro1";"Negro2";"Negro3";"Negro5";"Nhamunda";"Orthon";"Pachitea";"Paru_Este";"Pastaza";"Purus1";"Purus2";"Purus3";"Putumayo";"Roosevelt";"Santiago";"Solimoes1";"Solimoes2";"Solimoes3";"Solimoes4";"Solimoes7";"Solimoes8";"Solimoes9";"Tapajos1";"Tapajos2";"Tapaua";"Tefe";"Teles_Pires";"Tigre";"Trombetas1";"Uatuma1";"Uaupes";"Ucayali1";"Ucayali2";"Unini";"Urubamba";"Xingu1";"Xingu3";"Xingu4";"Xingu6";"Yacuma"
"Abuna";0;0.525468195826765;0.473068690318021;0.475737848813865;0.46173531251491;0.457920421109286;0.342860710898134;0.629143897550253;0.981911289563774;0.546098114482492;0.469484486400223;0.539188004835469;0.503711794577341;0.484495785381986;0.517407718002541;0.449582090240979;0.34449273706941;0.511687805326533;0.454822177313901;0.482234233918065;0.493836488916923;0.525370925051737;0.439284750523291;0.469150253391444;0.6137435281057;0.449066993803155;0.53578787906631;0.581677501098494;0.520107896863314;0.518047270757967;0.498113790946087;0.501897882055647;0.474517406921175;0.368394864861876;0.628381882658668;0.463236342385652;0.505017270474931;0.473282676455943;0.463712378765178;0.454489887519231;0.455038859966104;0.536282614035289;0.315358115354711;0.424042865973278;0.50957422896635;0.428586832243846;0.495143517248101;0.477593452888417;0.491948079434506;0.999058502378639;0.491779612660759;0.522262080317948;0.514589751266501;0.525236864921698;0.478830369646677;0.537507618860209;0.467666654078473;0.515713156502776;0.499414158706767;0.547086032257781;0.518008873807462;0.432490567381478;0.377136770462478;0.503981702515181;0.974305054410322;0.50467839519749;0.474496659414961;0.384990489180925;0.455379735402061;0.475195559966881;0.531809421695017;0.511385245012446;0.501437810223171;0.38597269621118;0.51528111419757;0.452514535620696;0.223708570998981;0.496640326670153;0.468577196027917;0.506321284946866;0.460241957392459;0.577480370430215;0.459125027468235;0.433605583854255;0.513899601841884;0.473723026133272;0.515851242956423;0.484376079112203;0.473143203958758;0.673562336391781;0.411044791185404;0.537936816838164;0.504463513141548;0.527291972603374;0.416752941091091;0.558626935490684;0.538405341935994
"Amazon1";0.525468195826765;0;0.242726153421531;0.257186915138735;0.236073838113368;0.265072487067442;0.372710342981148;0.48782446827913;0.988984664084986;0.612289556326857;0.245416473651579;0.159548298729012;0.277438680406935;0.167229688776482;0.287372915067083;0.197716931002493;0.306361574269473;0.139092356072064;0.191768147333456;0.156606698259794;0.289646568524339;0.568711732940794;0.429845414603732;0.183544710495581;0.715811528309612;0.603909197385799;0.203534488793825;0.201524197959117;0.151980051520392;0.245781228377094;0.199090257734185;0.149198036950278;0.264596735007175;0.298846437770491;0.40384576510893;0.289145487171921;0.127954121136833;0.274019722425332;0.420881563349717;0.312224785184554;0.240582898450862;0.184167835825028;0.30193022681551;0.251046179414549;0.307348538659734;0.195359132074072;0.284737512526054;0.269304290317387;0.163810027507797;0.999427657713496;0.197763236295936;0.19219518253968;0.286814243072544;0.194064109011482;0.280512835846199;0.287513590844908;0.261586559387456;0.309144206091205;0.195942948633433;0.201163088612197;0.249714370455146;0.289211732694862;0.24009090653798;0.229699043404109;0.984400379527918;0.161205213155855;0.265347116261829;0.243190702116645;0.26155766265012;0.261907623195911;0.206472142765055;0.294232667018609;0.284671944401628;0.287296937153575;0.180466473194402;0.225836227457837;0.385037679553923;0.289290141080634;0.260124747707869;0.289972974345486;0.15551242368547;0.48570724927125;0.241732267173508;0.249735713436207;0.355735105745091;0.246848260035531;0.187761311799187;0.287225839462178;0.268212350459701;0.755359916197814;0.263472086689171;0.22126153597671;0.280406973385378;0.229080421498137;0.28706903422298;0.366728455946735;0.242550302338131
"Amazon2";0.473068690318021;0.242726153421531;0;0.0391192196694275;0.0602895649003154;0.0616989554787655;0.491732573218626;0.603081646174832;0.993172611879383;0.739276976190989;0.0460939465603018;0.309418387877662;0.104012362939825;0.202680278474661;0.098799599789037;0.244792916505111;0.444998432238264;0.225124975865592;0.298927491981492;0.202409750786464;0.0973823955193076;0.694615382116435;0.593779769377354;0.328736901588119;0.798782618968546;0.708510216343601;0.173245303237324;0.273193494194803;0.273846868630129;0.345656193335457;0.234508005156176;0.295573889221421;0.101101221983465;0.468660791421216;0.558316989986197;0.130050746658844;0.172719554313237;0.100278142171849;0.590897136890697;0.431714234039721;0.0587250921159156;0.16292278399968;0.228175380269222;0.0788953594517344;0.086674771272002;0.270461326165503;0.0959972814158771;0.108458971460453;0.19182264343199;0.99964604349306;0.303717864629696;0.244761157430957;0.426332395693006;0.36552492409967;0.221759206380414;0.356021966945006;0.114808458057737;0.0874023712387005;0.248796612940346;0.228970176653738;0.264122820781126;0.419342044244575;0.130382153257942;0.371812989960983;0.990278493267799;0.242856659577657;0.0394714953032299;0.148405333019037;0.117786761404566;0.0528404954733269;0.401288918139892;0.449022456366663;0.0759393621599705;0.198200060098207;0.233911341329804;0.053334432359078;0.334271004759526;0.0920146605756493;0.0576182988715577;0.0816275676128376;0.292646294827591;0.627621206660425;0.0769013275758701;0.143807672348571;0.456844894631124;0.0424116882885055;0.274464414915874;0.456930220698444;0.107129669513241;0.840365868081131;0.218207352718229;0.376280753535967;0.102541904736557;0.410414908338637;0.334171157150593;0.524742775365228;0.335793661495391
"Amazon5";0.475737848813865;0.257186915138735;0.0391192196694275;0;0.0430758652922176;0.0443764931230928;0.496580807819877;0.615328227092692;0.993446868659996;0.748375785945436;0.0592210305390695;0.316490827278384;0.111511583944216;0.214536665084678;0.0802729453693998;0.252758999243642;0.454933726514144;0.233011199869424;0.319140242878761;0.207957454449027;0.109565038082054;0.704252159885528;0.606288285026862;0.340621260612106;0.805394642093749;0.718345334835874;0.169078457227059;0.289074305947057;0.290393323049491;0.36457555498109;0.239052930546713;0.314437412827515;0.086232437037281;0.483522165413725;0.563389428335305;0.124561729456797;0.177730866966945;0.113144845682322;0.604030397705545;0.439041135417091;0.0479449740804267;0.169091352469247;0.232273579110475;0.0938749943977019;0.0771357960865054;0.281004416728995;0.110124893915371;0.110617819703413;0.197926988709107;0.999660260472782;0.311928117963641;0.257375902193244;0.438088797931959;0.377305262442443;0.221502149527192;0.369793888373509;0.120384016736378;0.0734903676592791;0.258216119964257;0.224002751322451;0.258061444467586;0.427841295379755;0.146669329438319;0.386855992995968;0.990668462761013;0.263524321750723;0.0329311868901822;0.157400376469384;0.133494283134322;0.0427292697362847;0.417822198057886;0.462244464977147;0.0729679419538336;0.208532255250999;0.247196087717073;0.0601189339941393;0.327207620803927;0.0788781950395075;0.0484467338777728;0.0680950913215023;0.307919110618747;0.634026344005069;0.0640416717496247;0.160833943870516;0.460862441121497;0.0365964009870412;0.276503417549569;0.465638276569184;0.104339165803484;0.845768555032848;0.21906850646456;0.390538511331325;0.103631880804019;0.427750599186638;0.354512581557032;0.538528443628843;0.354945093873845
"Amazon8";0.46173531251491;0.236073838113368;0.0602895649003154;0.0430758652922176;0;0.0526193554489524;0.484365588483168;0.616124813795467;0.993175050529414;0.739270670435192;0.0509426473578268;0.314757461564734;0.129337515184115;0.206063274667405;0.083990512487116;0.239393994429906;0.434241635811604;0.240349649485704;0.313914241513285;0.216741740742327;0.112209507064646;0.695384646614065;0.593204011759332;0.325739412543649;0.799732604058699;0.708142906393467;0.169653388291184;0.297030621230261;0.292984190290144;0.362887803060614;0.246506086386516;0.304323500580561;0.0833943445049496;0.467373133405644;0.544097497090719;0.109673741517362;0.162093845413214;0.118522078327606;0.591552945679656;0.423338436379729;0.0548848060192564;0.158842869105044;0.209975563338054;0.079319553997936;0.0927695981933073;0.26874709668135;0.107968399849601;0.0993553144262981;0.190414297275061;0.9996460795663;0.29444384166175;0.270566043551648;0.421088025931024;0.356250602594551;0.239794695365046;0.382209853145812;0.103288545126041;0.0820827395388559;0.229302760952881;0.240029425222605;0.274233854326317;0.423411022765352;0.141510427353072;0.372501866814846;0.990281960617406;0.253362029836086;0.054237904465861;0.147386577072148;0.123084294458934;0.0411900378400237;0.400913905171929;0.445867020552709;0.075577808136163;0.19096628200436;0.252071074950416;0.0385392894985298;0.308222161421854;0.0940549237140151;0.0454082144289997;0.0969875315671397;0.28678847199934;0.621839888572596;0.0637347678327981;0.154538755296744;0.450579280149225;0.0557340966715645;0.276976045240334;0.449854188885705;0.089340980691904;0.839707654613611;0.215754657440178;0.376630847112263;0.1098946031636;0.415045121798131;0.343911112645694;0.527217223737611;0.347483059048203
"Amazon9";0.457920421109286;0.265072487067442;0.0616989554787655;0.0443764931230928;0.0526193554489524;0;0.486366197876002;0.599901760776164;0.99311958520132;0.737880403300283;0.0710036469208603;0.336070083910622;0.134550249990595;0.194446604941584;0.0939795020353896;0.237561257232074;0.438693463094873;0.248977564890474;0.315631349045125;0.19804505427095;0.126478953441088;0.696547583114865;0.59324953222658;0.317752862432617;0.798300584856384;0.708858707309944;0.195395027317808;0.319461025500773;0.311741964994139;0.356453796543321;0.249697684006271;0.323287024504843;0.0969156732678226;0.478215909173551;0.542557715148703;0.122365958960294;0.183280006016694;0.137376999547574;0.5902826892785;0.422910746692427;0.0482128128872505;0.175802006239987;0.224978803310224;0.0798172075617041;0.0914204175625081;0.256550635642651;0.127050891854227;0.0916023986677034;0.180008938369124;0.999643535085673;0.297320106868225;0.281511230323141;0.434503642406585;0.357398623502854;0.208649977346339;0.379336074832882;0.126641672129132;0.0816572605800419;0.244894476529643;0.22313034824024;0.258360442761882;0.423071416433735;0.131534715446429;0.392353500221756;0.990203099152136;0.26961228739429;0.0463009592234742;0.134434035054314;0.134989836379811;0.0722817287089812;0.403975106326246;0.454192749600005;0.0887064637240817;0.189742673254667;0.237418042140674;0.0717320165839456;0.313918647739888;0.099024302173161;0.0602424121853127;0.102337459448957;0.299573760363608;0.619138185438729;0.0940779964426904;0.145914676252007;0.450570547377918;0.0490043904559853;0.273127840896536;0.448104594511311;0.122031169453225;0.841684645837376;0.19815244102025;0.398519102332998;0.137485829627727;0.427023079802307;0.347882714239403;0.526583232046727;0.333385783286898
"Andira1";0.342860710898134;0.372710342981148;0.491732573218626;0.496580807819877;0.484365588483168;0.486366197876002;0;0.467590238581546;0.981531846731886;0.436893430503841;0.494221983003295;0.328578797637801;0.516355622337409;0.364664699513338;0.5278706735287;0.372469211907578;0.176826773025002;0.362401916009898;0.333558711822517;0.353802797649689;0.522001675113207;0.348835983384924;0.245633145934668;0.308486236440891;0.52661087566411;0.361702826236529;0.456643994866893;0.439535363716791;0.332404219837426;0.357514802876314;0.379026923181308;0.330303626097068;0.489550737960555;0.219935285388203;0.436063254537852;0.502657068659043;0.401068225809008;0.501906722154261;0.254248327319817;0.283096806823383;0.475291410686599;0.44659690441339;0.332218885889484;0.470422329280028;0.538501569730959;0.34839733187678;0.521897942247095;0.502057368776608;0.40925334523737;0.998995210733534;0.342142295813204;0.414837402626219;0.36526360128403;0.347603392068793;0.383501437679725;0.400790718474675;0.49284344186495;0.539930902458424;0.385884427620912;0.399213312347608;0.399199768162421;0.254895049850758;0.415399388084082;0.346146625284245;0.972527010731103;0.388882981749287;0.503208449320395;0.418275586059466;0.486472414535509;0.500350463316837;0.387806019848046;0.353764021316609;0.526732502680556;0.365398489190858;0.334238139891112;0.476360783307326;0.29076942209995;0.523266657191726;0.496518634878646;0.524867403243341;0.312101709653262;0.417522633623265;0.481398485946133;0.420231233067814;0.455796522458115;0.49011878940173;0.337475829798383;0.331755243892545;0.503205587752825;0.625050614101991;0.401038063821975;0.3803614583471;0.519202653554175;0.349902676612699;0.381205759415428;0.357496442738442;0.426250152671499
"Apaporis";0.629143897550253;0.48782446827913;0.603081646174832;0.615328227092692;0.616124813795467;0.599901760776164;0.467590238581546;0;0.975016376292806;0.506800473429503;0.612260829576459;0.44559435965201;0.628914245480583;0.493303652592022;0.636408381263715;0.479966631182209;0.524244242115501;0.486694181882421;0.454338776394301;0.471144399564249;0.638909219679815;0.454314276173234;0.466871616166273;0.411516293179803;0.494007027574626;0.496156068953756;0.591773533244236;0.514998212091984;0.464106485895843;0.400544664070878;0.511152929025853;0.428560412826774;0.617425378530744;0.534010964052111;0.286041038892927;0.622593788155731;0.549271507390415;0.625098435019228;0.462011786244486;0.426706542071571;0.589398021029406;0.575036049880583;0.603894911362684;0.587105528537415;0.646361598346589;0.453935723500779;0.639083277069594;0.616852209545832;0.538689931181678;0.998632475824771;0.436599009769524;0.524042138909448;0.448338847003738;0.398310138169639;0.470115405550495;0.400237131942003;0.619914838887068;0.649277025239826;0.513240239211505;0.507449133502662;0.486492468178249;0.453179055944126;0.557676275328635;0.495746902604922;0.962033261293324;0.490142701469126;0.618596445856913;0.547303968121547;0.608279085835086;0.626231506518455;0.409752597930096;0.432297476583163;0.632920369167359;0.515685870709452;0.437110090477267;0.600945562778416;0.61774362976504;0.63660380924842;0.619089119081059;0.638101193686213;0.43315267627586;0.264795683314975;0.6129251202233;0.541874872390778;0.418614779589287;0.608157775730818;0.42079969229162;0.310090553304333;0.629486057248859;0.642916894911626;0.49679113263661;0.510585471190948;0.64033390034029;0.401354470833485;0.492596357622287;0.258874942794601;0.408023382994744
"Apurimac1";0.981911289563774;0.988984664084986;0.993172611879383;0.993446868659996;0.993175050529414;0.99311958520132;0.981531846731886;0.975016376292806;0;0.959040632028411;0.993180933675824;0.988882247875101;0.993559034000361;0.990282103117308;0.993884470947821;0.989557312761001;0.982788381704458;0.989831886606872;0.987779902009582;0.990035862235254;0.993688241758849;0.966685661489816;0.973535854634526;0.987103194438651;0.959617268523312;0.967495839754792;0.9926672528454;0.990046911582476;0.989479060923476;0.987626815875979;0.990611899620116;0.988449343921742;0.993282620872315;0.981354105685511;0.979430629348013;0.993289249467416;0.991278295025772;0.993338198635158;0.976161924642909;0.984187196974863;0.992892441450289;0.992327707189456;0.989568938825172;0.992346536401431;0.994087292820493;0.988612212178914;0.993679758849918;0.993225981963733;0.99138446308806;0.970531156667295;0.988378864227969;0.990368209324456;0.984192939978345;0.985681433906177;0.990375071967963;0.98721841016695;0.99317252860364;0.994146231412814;0.990421124765235;0.991062080916364;0.990477380499356;0.983727806789192;0.99151299177056;0.985994712616623;0.743003745956995;0.989733507874025;0.993515526707905;0.991194420977031;0.992851031708656;0.993488952361491;0.984115683667217;0.983082174985438;0.993812566377038;0.990392778003065;0.989885085191312;0.992825631928075;0.987332132598966;0.993867206301915;0.993370038559565;0.993916760003005;0.987766862999337;0.973383728475695;0.993110687242859;0.991727434716411;0.983479930099018;0.993295344983079;0.989392879042668;0.982156728323012;0.99340783751831;0.932957355988356;0.989953205458239;0.986215397121309;0.993684540998443;0.985348953153832;0.987807825994013;0.982231275220427;0.987426127825249
"Arinos";0.546098114482492;0.612289556326857;0.739276976190989;0.748375785945436;0.739270670435192;0.737880403300283;0.436893430503841;0.506800473429503;0.959040632028411;0;0.739962465845324;0.577480701087795;0.752815367518739;0.648824518931316;0.763236662428924;0.634943092105941;0.469032987073923;0.634688474096593;0.5814702972587;0.640638147474837;0.756762078551588;0.264769517200295;0.323070522513013;0.581532010756465;0.375255004492216;0.300761095052607;0.722534517317459;0.649871840704632;0.599296615747702;0.563355040875976;0.658820385992774;0.575055182306776;0.74201874120274;0.418638678594669;0.485461712369003;0.743098370624138;0.678229167376191;0.744829118526095;0.270687157339521;0.503857923458767;0.729922252103899;0.711488301608977;0.627082271894644;0.71889841560788;0.770245083084951;0.614103019778179;0.756747988444953;0.741654198861741;0.682366580161016;0.997679022950414;0.590459880609306;0.655279748289365;0.494753983900491;0.541351701465329;0.657573047638681;0.568010159495495;0.739346541111789;0.772243043963677;0.660402278286654;0.67474504534338;0.65728337638875;0.472866894747415;0.686286502813075;0.538199977491543;0.940938517629451;0.633671519575618;0.750708533111271;0.679847359258359;0.729294026255837;0.749802741833028;0.51155948776824;0.477047213733135;0.760824661234413;0.658623565309036;0.617722694497619;0.728580992276647;0.564749467517521;0.762651580372482;0.745800820766821;0.764363488644056;0.577778516729194;0.406600091213538;0.737143473049285;0.684208631271681;0.56986742982035;0.743309904155625;0.603568075260668;0.480584587592853;0.747195866952488;0.374376402204157;0.656462049464542;0.550485364427911;0.75680279356584;0.508846412219206;0.576074203606814;0.471466757457122;0.573693199981402
"Aripuana";0.469484486400223;0.245416473651579;0.0460939465603018;0.0592210305390695;0.0509426473578268;0.0710036469208603;0.494221983003295;0.612260829576459;0.993180933675824;0.739962465845324;0;0.316280093324342;0.108937176183486;0.195675047539941;0.103503450697431;0.230424108420524;0.440506772103332;0.23392286549762;0.29257272514376;0.221913914492722;0.089601310142538;0.696784039355546;0.593620068090985;0.329896999390377;0.800082893630907;0.709190603231303;0.163182807354725;0.280380893214198;0.280589758970995;0.336811632984246;0.231351323159649;0.299414757625966;0.102144896211097;0.469661090459372;0.563124447487402;0.119092610606649;0.150905643862616;0.106228327872322;0.591744217286522;0.432711261485248;0.066568607543911;0.137333051399263;0.222458821079009;0.0655153187506088;0.0822604170495591;0.266950290891499;0.0900718184115392;0.0974575596415472;0.181714578673662;0.999646476324573;0.306255746244833;0.241761386529436;0.423675723132136;0.362088558970695;0.233118580790197;0.357589812982658;0.11248510924161;0.0918235655717052;0.250065252385035;0.248634766675896;0.283282406690648;0.428306753077804;0.118087585216133;0.373586463607336;0.990290325475518;0.243970849942638;0.0434082123433647;0.140827897583394;0.118238291117552;0.0472402296136944;0.401787663155116;0.44819897208176;0.0892585007671711;0.192433660339038;0.254575039767717;0.0382459596526695;0.323367816259345;0.109898229572043;0.0389817097885849;0.105460483014069;0.291409240488949;0.630339444775925;0.0769710042437581;0.128286467794131;0.458553216847212;0.0626165705388968;0.294550878028154;0.459999687726414;0.100212966367205;0.840428743414617;0.232839054192736;0.377434756087895;0.0932317673193424;0.413582730767761;0.333001146659149;0.528563664577402;0.329640672118343
"Bacaja";0.539188004835469;0.159548298729012;0.309418387877662;0.316490827278384;0.314757461564734;0.336070083910622;0.328578797637801;0.44559435965201;0.988882247875101;0.577480701087795;0.316280093324342;0;0.329437781998624;0.20338769545611;0.352254804030636;0.236596879676144;0.349531209537449;0.13419302667349;0.222500381740876;0.186916090446086;0.349090691979507;0.513733914427782;0.434921314108934;0.206364632950355;0.671221982547023;0.558299644413983;0.255973371556575;0.211223627711949;0.0609713414088362;0.21322673149275;0.197970125557051;0.132768638549899;0.324315745467071;0.355830809930244;0.340948989940761;0.341870370312615;0.208481601281592;0.32261710102801;0.380668251453394;0.329340877511685;0.313438174957649;0.261016458109918;0.369106809655893;0.325617608197182;0.369862150619665;0.233807966039543;0.342469322592434;0.338164894797857;0.241553195347224;0.999359701514211;0.189980264998032;0.218536494816524;0.304031273523382;0.2433254576332;0.251822959187883;0.252414018004476;0.314426133594385;0.372320402448163;0.221607195917322;0.212465090643247;0.239388002369678;0.300428864279653;0.280080102206521;0.228598925040931;0.982570076343522;0.187176472836327;0.328018670561441;0.290033571016349;0.315205567243978;0.318808339215882;0.261377545381289;0.299108784883935;0.358595592174461;0.291349284564105;0.163035761144204;0.308125055330861;0.416647906302338;0.353577815685399;0.323513406332576;0.344131204172544;0.163810515137244;0.431653824997559;0.285956574208612;0.255968764981165;0.378100992254369;0.306206841223378;0.159815404043335;0.28798746397972;0.320050125524534;0.740036674583912;0.289146194989279;0.247891873710917;0.332306346864982;0.177232857120419;0.258373535196524;0.292330333989814;0.276107350542974
"Beni";0.503711794577341;0.277438680406935;0.104012362939825;0.111511583944216;0.129337515184115;0.134550249990595;0.516355622337409;0.628914245480583;0.993559034000361;0.752815367518739;0.108937176183486;0.329437781998624;0;0.241125452933916;0.106714932844031;0.281489400301181;0.470270531183756;0.243049691926176;0.311524148770025;0.256279394706759;0.0543264739002354;0.709057472663085;0.614074714092136;0.362137870682564;0.808844809199554;0.722411779545813;0.148411914928071;0.245216947372479;0.295524698822222;0.346628525041885;0.209524073523053;0.322954419732639;0.0986962549523155;0.493237958927807;0.581702996516218;0.116252079653475;0.218819405312011;0.0822371154612738;0.611293766783759;0.442388074420875;0.134557741544573;0.172483457231455;0.281718241780822;0.13747393774235;0.0934523983325432;0.29566411936466;0.0545233630876944;0.0830241428962198;0.177313074614983;0.999666042755792;0.312012236227902;0.207924840060192;0.429831748111944;0.401571788353216;0.256262408744918;0.35652108688865;0.0949085590568764;0.104890081732764;0.287023755384827;0.264132270759843;0.293112028339203;0.453535211746708;0.159687153268632;0.376881706982109;0.990827965311436;0.244606508080913;0.113618740768701;0.179477331450495;0.0925019327848005;0.111455033328368;0.429966280409909;0.453739732592802;0.0922111066141862;0.242825346272284;0.292934595984013;0.119510526676645;0.372944126497469;0.0856973068584946;0.107423728407182;0.077588462694424;0.320861781153097;0.64520103321742;0.106383460308676;0.173476657625434;0.462811368568623;0.108492150825827;0.322268885596457;0.482289091648656;0.0919820260743702;0.847752010296195;0.263408186646838;0.370996809606694;0.072953409603798;0.432471111495179;0.358270066277453;0.545279158431504;0.328559927254526
"Blanco_Baures";0.484495785381986;0.167229688776482;0.202680278474661;0.214536665084678;0.206063274667405;0.194446604941584;0.364664699513338;0.493303652592022;0.990282103117308;0.648824518931316;0.195675047539941;0.20338769545611;0.241125452933916;0;0.255374462083162;0.120129579202242;0.362336676615796;0.106839781328085;0.204550049091559;0.0677628953304659;0.237249112078394;0.598475866103257;0.474356183355557;0.201978647091262;0.728286535247828;0.615775314168849;0.140473268383813;0.192867910358109;0.183468007334028;0.197874483150956;0.115275487642801;0.222831543088532;0.238096403623617;0.406143077506506;0.416139144855519;0.217673761658668;0.0969311113547497;0.235815310493024;0.465541231661687;0.291906694658926;0.200112590058489;0.134400148356491;0.317599045581313;0.177565075425639;0.244741347063999;0.13372968514205;0.236371612474833;0.196843183002566;0.0998047053759839;0.999498385142735;0.149491809168978;0.19002047438798;0.311227130561505;0.208846474247166;0.242749693783144;0.224183261700363;0.22172717841022;0.252167069437022;0.163892833199881;0.171472485055853;0.206882340345544;0.29524966456952;0.175485765368116;0.280675920221426;0.986171203695819;0.145626202192056;0.20296020441373;0.176760871033615;0.221958149856964;0.213073598159189;0.256157619259898;0.326136250237272;0.251232942701939;0.265506487857674;0.106677383230818;0.208119797272204;0.379866794959312;0.254096075263127;0.195765094789584;0.248987601263025;0.154967963489506;0.500713912358236;0.204517278904373;0.221786951181026;0.317223780253104;0.197405802877689;0.162129392252691;0.301213110715725;0.228387493415519;0.78623080056664;0.225482669777903;0.278759777052235;0.268617802959425;0.286835240234059;0.324438254266269;0.398731610520416;0.16851903795032
"Branco";0.517407718002541;0.287372915067083;0.098799599789037;0.0802729453693998;0.083990512487116;0.0939795020353896;0.5278706735287;0.636408381263715;0.993884470947821;0.763236662428924;0.103503450697431;0.352254804030636;0.106714932844031;0.255374462083162;0;0.284639932905705;0.481757263096009;0.277851813537117;0.357395053533355;0.247664414518411;0.0919743289017695;0.722006400824747;0.627699498302514;0.36780745062444;0.81737577037211;0.735985314814808;0.16445149924102;0.289610143141341;0.326482163654461;0.386615140593989;0.254480613726535;0.340778323456438;0.07760296988938;0.508646762723889;0.581858092598101;0.0829462647893781;0.206377306139516;0.0876760303375267;0.625596617567786;0.447958261283081;0.0895046529052208;0.155841220613304;0.270755218293375;0.143864871037852;0.0463326216370835;0.316817978397535;0.0881401635386646;0.0738268126164646;0.199588843309196;0.999682965545444;0.321757504038201;0.285149850424352;0.450478565795862;0.403353279690527;0.259339070658335;0.414644991016923;0.084430210095413;0.0359877008407848;0.276720271249053;0.248443171411098;0.290930305198482;0.455696735024037;0.196563795543441;0.402182605209665;0.991290789697442;0.272988955298267;0.089791819588432;0.20996760286468;0.107784994141429;0.0930538140987639;0.446066641801385;0.475566673469571;0.0379812138360774;0.25385747382904;0.282527437801641;0.109666748316338;0.366158172901225;0.0478004155573985;0.101776258693144;0.0442730358964932;0.337560621395929;0.654183777048652;0.119888502567052;0.203982807078966;0.467298365449736;0.0855530958253031;0.305798351418897;0.492486631751505;0.0763314483356409;0.854896708187733;0.248071141148327;0.395510014981402;0.0652960395627756;0.452824556346056;0.38429307815718;0.562241137813548;0.36691442247277
"Candeias";0.449582090240979;0.197716931002493;0.244792916505111;0.252758999243642;0.239393994429906;0.237561257232074;0.372469211907578;0.479966631182209;0.989557312761001;0.634943092105941;0.230424108420524;0.236596879676144;0.281489400301181;0.120129579202242;0.284639932905705;0;0.332809465654961;0.155408880602192;0.155423295939478;0.161576184324739;0.272602867085026;0.585550883348713;0.475987028025287;0.174427915303914;0.714833229224708;0.597397784296611;0.179176684622786;0.247032520200692;0.215811132816758;0.226880814178207;0.155114959000994;0.171588521495894;0.272432143115632;0.340741965351884;0.422217014784115;0.264346779077655;0.133919710436515;0.279901091462729;0.471631097888818;0.296547929333727;0.239794500925542;0.171294627817208;0.291750227157313;0.185541245594327;0.278435256464406;0.0540181521775924;0.270959172131149;0.239382754862163;0.148782112032735;0.999458067901461;0.191049795008859;0.184743214940783;0.304085761979483;0.249795800131979;0.2793957277453;0.219306686957069;0.256761223703102;0.28759979408682;0.131273906509235;0.187733808826518;0.166032526117261;0.303592136036306;0.213750740341105;0.273525497616557;0.985142098799288;0.167310147771863;0.241344507128296;0.22511673317803;0.274279399689865;0.244982465633497;0.271174587031839;0.315514167876446;0.284265676125214;0.289070945423077;0.181215575563095;0.239062673448095;0.35121503745453;0.288430505607343;0.228788534728666;0.285361207182604;0.138206600184633;0.480816819885344;0.238852507207035;0.247995383424989;0.282618934071625;0.240803777505086;0.199736077560617;0.278233460008991;0.263065532493144;0.771004808728726;0.228731546540921;0.321278827031587;0.301625898750291;0.281643911680764;0.303310671710513;0.376917533692651;0.192815651367927
"Canuma";0.34449273706941;0.306361574269473;0.444998432238264;0.454933726514144;0.434241635811604;0.438693463094873;0.176826773025002;0.524244242115501;0.982788381704458;0.469032987073923;0.440506772103332;0.349531209537449;0.470270531183756;0.362336676615796;0.481757263096009;0.332809465654961;0;0.340155953510852;0.269206605690461;0.357541354567996;0.474082025586257;0.404929232238891;0.228508624119027;0.288665350591078;0.577312885010404;0.425533219700726;0.408203819176053;0.421127233243484;0.349337963821119;0.396171945315199;0.374350066321062;0.312974845580723;0.453599426933277;0.178717104539925;0.467795398301383;0.47981834468564;0.361499743889509;0.472681772361829;0.281313569327745;0.324407299586863;0.44269175898342;0.386482453444771;0.264915909671552;0.425738915156909;0.495773717477699;0.31286544830253;0.473090766568955;0.449481667830094;0.359236508878771;0.999104430995926;0.363567168200078;0.360899118956285;0.353675446910965;0.328249765206862;0.406117509436892;0.409483192619058;0.45543617664841;0.494667864412968;0.339643015196821;0.354245232446154;0.356482820459396;0.236802775616983;0.390562775884953;0.314211818201879;0.975546609058076;0.369598123842082;0.455928125429715;0.377542888914015;0.463732458438251;0.456788115150074;0.368192036065202;0.337869841535483;0.476007508615555;0.392228237533624;0.362825117955925;0.42810068564477;0.267435661744801;0.48146170476067;0.450296419571949;0.482698802590592;0.30587379384243;0.478030254458641;0.44092886656364;0.398284456678529;0.439461116165472;0.444542792026427;0.359206762409062;0.354759304577549;0.468613217194588;0.652423206822828;0.391941169069125;0.347478259187748;0.481886756569102;0.37094636695818;0.390711016105113;0.4196008714419;0.424818466349397
"Caqueta1";0.511687805326533;0.139092356072064;0.225124975865592;0.233011199869424;0.240349649485704;0.248977564890474;0.362401916009898;0.486694181882421;0.989831886606872;0.634688474096593;0.23392286549762;0.13419302667349;0.243049691926176;0.106839781328085;0.277851813537117;0.155408880602192;0.340155953510852;0;0.184645154659963;0.118952072323312;0.250582074128103;0.575466549619907;0.45187598716422;0.20053585007671;0.713618132797263;0.598998853972288;0.170543081264607;0.145853502539449;0.12745445150349;0.21289738385604;0.118473973615202;0.175659509645416;0.252585846918628;0.377657804122629;0.406071046800055;0.25945340921498;0.142392588669826;0.230607217339704;0.450248416073357;0.307796334106711;0.24365725648396;0.17579224008147;0.331578751235259;0.242726891669166;0.285104350282561;0.165187565275198;0.252096428476791;0.252196250197219;0.152583379368992;0.999471858589131;0.163524668483633;0.144351868864387;0.277547704599252;0.206177245636682;0.262717210145399;0.187850286379661;0.229317655547309;0.288188359483077;0.172086394991146;0.165640469988417;0.183692614534882;0.271373199315602;0.211071158650374;0.219217390353038;0.98553191945626;0.116072584015059;0.241761284513063;0.221356384332855;0.235464685478533;0.222368046423891;0.22972303464457;0.289093885676341;0.279145575614905;0.297156597777788;0.150460304079886;0.238253811289567;0.389014664623686;0.268850993134585;0.231663536346027;0.263196425981716;0.138862085581536;0.483497485346293;0.198358858389731;0.236675371205385;0.294682704211653;0.229459693256567;0.150598234122921;0.280363552737328;0.242383523525263;0.769516561278415;0.255700213719167;0.223793418251229;0.263860276322885;0.239048128218264;0.314253847444417;0.366271948735753;0.201399874799263
"Chapare";0.454822177313901;0.191768147333456;0.298927491981492;0.319140242878761;0.313914241513285;0.315631349045125;0.333558711822517;0.454338776394301;0.987779902009582;0.5814702972587;0.29257272514376;0.222500381740876;0.311524148770025;0.204550049091559;0.357395053533355;0.155423295939478;0.269206605690461;0.184645154659963;0;0.234396253584513;0.322661251625471;0.522510964738385;0.41955029244502;0.21479792427141;0.673483394449134;0.5421943269815;0.251108964269978;0.251581855548954;0.199732543767692;0.208528251591929;0.188081389971852;0.151892252173213;0.331349475181929;0.261329851457408;0.431383040583936;0.349154082006011;0.21442216226404;0.334228569342857;0.407864189976622;0.338014003728792;0.317028584730467;0.235055556190497;0.281636854651371;0.294083601488563;0.349235784900411;0.152081120447053;0.319550935769095;0.311084883910514;0.207328632835698;0.999364673589802;0.240491306413339;0.161211063007921;0.292631267996323;0.28174523395229;0.305347351965925;0.219283042387655;0.323543949010369;0.360152583095765;0.219521135521858;0.225581638719076;0.190367877597092;0.262255160781295;0.225569044689579;0.240298517586682;0.9826197558659;0.198424775745202;0.314137666480655;0.23963518203693;0.327164855413041;0.319552641259135;0.307257159925898;0.283806064750116;0.347590957359765;0.328674094385124;0.229468256084695;0.300219146416203;0.33860549334111;0.350534025113949;0.3045861162834;0.346907566285195;0.164684316804031;0.476904771611326;0.302365028417437;0.264635104955748;0.345439222187749;0.302946979587728;0.22502413140324;0.30308613097668;0.338898295083867;0.732970659524628;0.301938656618755;0.286846625847419;0.345934403785652;0.280727928989341;0.279680872129237;0.341426311484555;0.229801561988861
"Coari";0.482234233918065;0.156606698259794;0.202409750786464;0.207957454449027;0.216741740742327;0.19804505427095;0.353802797649689;0.471144399564249;0.990035862235254;0.640638147474837;0.221913914492722;0.186916090446086;0.256279394706759;0.0677628953304659;0.247664414518411;0.161576184324739;0.357541354567996;0.118952072323312;0.234396253584513;0;0.267027068956907;0.590664634167312;0.469718754755817;0.219899048175619;0.722125407928908;0.609764764617809;0.182002629320641;0.196128478029115;0.17506073124967;0.212621836195229;0.145402369850832;0.21481873956544;0.22513680499804;0.396095411135859;0.417520678265945;0.225870727448206;0.129559996313727;0.238136439588512;0.455950246451793;0.284410492355431;0.177874032991034;0.16629565267058;0.322421103631732;0.208723561610551;0.256178292149172;0.158278375438711;0.269042748933646;0.236135093091891;0.131259238044142;0.999484804281994;0.135818060168628;0.2135225186639;0.301761210562006;0.219516976949467;0.223343520314089;0.253856233066835;0.238528571645254;0.261002950831392;0.186480172493821;0.174915696497472;0.213267036606977;0.286526994960743;0.200427158492905;0.275571367229622;0.985821539177287;0.148591947319872;0.212381879412693;0.196083291042688;0.229539437966805;0.230294570223071;0.24230574887351;0.323760317761299;0.244930879455676;0.257583945818717;0.0753901683507772;0.211466171972864;0.375854341437354;0.239066822511021;0.219682499892707;0.243917870476064;0.157986587994478;0.492025585527342;0.219897715777103;0.231800789349047;0.320084912656664;0.198788265916268;0.132183742874149;0.29506327806758;0.243995863108979;0.783592736763086;0.2156141646218;0.272724000395328;0.264425570203091;0.277444478166278;0.324697521890107;0.389669039808964;0.196608625619323
"Curaray";0.493836488916923;0.289646568524339;0.0973823955193076;0.109565038082054;0.112209507064646;0.126478953441088;0.522001675113207;0.638909219679815;0.993688241758849;0.756762078551588;0.089601310142538;0.349090691979507;0.0543264739002354;0.237249112078394;0.0919743289017695;0.272602867085026;0.474082025586257;0.250582074128103;0.322661251625471;0.267027068956907;0;0.714210636906893;0.618233220556462;0.367272947488533;0.8122775978978;0.727702859532964;0.147905875874201;0.265768680174374;0.313466427719377;0.353639628087721;0.217612729620214;0.332127741027272;0.0884149299192801;0.500302311782973;0.58599601379255;0.0785703557921406;0.212516469871293;0.0529315823684888;0.616833711773212;0.43991893529806;0.13236448116119;0.159908031318558;0.274396401016348;0.125628254390858;0.0698253538774708;0.299198296675626;0.0192401304861238;0.0643538040897958;0.170970686444169;0.999672795771439;0.317587626990162;0.223489196212399;0.439383077424164;0.405673599086263;0.272943163693481;0.353820700116411;0.0567388881150147;0.07611891901456;0.287274550310261;0.279387296364199;0.30863167255465;0.463633446702807;0.148900305273087;0.387015799280752;0.991011712135586;0.247661652128813;0.101037419313679;0.177182766069952;0.069346014914012;0.0933002065424391;0.436337675000998;0.461858354824408;0.0712465333913593;0.238473533546745;0.303318476492476;0.107314616003073;0.36159708682171;0.0632175694376721;0.083307413098655;0.070948308889624;0.323550394058026;0.650891383152881;0.107144708905174;0.168632580963488;0.458049930540075;0.113518365469778;0.332567331232594;0.487579594737179;0.0741095680936569;0.851185266069283;0.270843962929378;0.382578272561978;0.068630758381447;0.444669703187235;0.366015103873335;0.553034675880148;0.33442901108957
"Curua";0.525370925051737;0.568711732940794;0.694615382116435;0.704252159885528;0.695384646614065;0.696547583114865;0.348835983384924;0.454314276173234;0.966685661489816;0.264769517200295;0.696784039355546;0.513733914427782;0.709057472663085;0.598475866103257;0.722006400824747;0.585550883348713;0.404929232238891;0.575466549619907;0.522510964738385;0.590664634167312;0.714210636906893;0;0.322523782082649;0.52367588442665;0.339138395010363;0.29808406057774;0.674841623425245;0.607623368874632;0.541542191689211;0.524067765341804;0.603764671707409;0.517257342424193;0.698303753291609;0.387945886448472;0.482831600038687;0.702778467165158;0.63203293122027;0.700519706929892;0.302027553559879;0.468248822257904;0.687272529282113;0.662759131818105;0.574644923849538;0.679375411501432;0.730880258933717;0.564569615804295;0.713649771312348;0.700838495652169;0.635880609967837;0.998134810057558;0.536748322888316;0.598939428622864;0.481218610815262;0.504067031923075;0.594516520643565;0.530096482054111;0.694070396612911;0.73215280709614;0.611745540226093;0.619548440183437;0.598303190036553;0.426364551217872;0.637450463971849;0.475425612485547;0.948388313485222;0.575392077368675;0.707500478611283;0.635992246379026;0.682437124780737;0.705684182745778;0.499542385227832;0.451110016100549;0.719958424688333;0.605286599113707;0.562368488997483;0.684717400745828;0.508842698091119;0.72156098299559;0.702614817957922;0.722447825479317;0.519886834992969;0.419133013751497;0.691249399149962;0.637348262893841;0.560853681064926;0.698961353075243;0.555618785989591;0.457630678205161;0.702967319452274;0.505535236308291;0.613007540258791;0.507330376604559;0.715389245905593;0.494175994104786;0.553179697802702;0.40275158980241;0.552889503082578
