"Abuna";"Amazon1";"Amazon2";"Amazon5";"Amazon8";"Amazon9";"Andira1";"Apaporis";"Apurimac1";"Arinos";"Aripuana";"Bacaja";"Beni";"Blanco_Baures";"Branco";"Candeias";"Canuma";"Caqueta1";"Chapare";"Coari";"Curaray";"Curua";"Curua_Una";"Demini";"Fresco";"Grande";"Guapore";"Huallaga";"Iriri";"Isiboro";"Itonamas";"Jamanxim";"Japura1";"Jari";"Jatapu";"Javary1";"Jiparana";"Jurua1";"Juruena1";"Jutai";"Luna";"Madera1";"Madera2";"Madera3";"Madera4";"Madera6";"Madre_Dios";"Mamore1";"Mamore2";"Mantaro";"Maranon1";"Maranon3";"Maranon5";"Marmelos";"Maues";"Napo1";"Napo2";"Negro1";"Negro2";"Negro3";"Negro5";"Nhamunda";"Orthon";"Pachitea";"Paru_Este";"Pastaza";"Purus1";"Purus2";"Purus3";"Putumayo";"Roosevelt";"Santiago";"Solimoes1";"Solimoes2";"Solimoes3";"Solimoes4";"Solimoes7";"Solimoes8";"Solimoes9";"Tapajos1";"Tapajos2";"Tapaua";"Tefe";"Teles_Pires";"Tigre";"Trombetas1";"Uatuma1";"Uaupes";"Ucayali1";"Ucayali2";"Unini";"Urubamba";"Xingu1";"Xingu3";"Xingu4";"Xingu6";"Yacuma"
"Abuna";0;0.153748193526336;0.438535332312859;0.465644870003452;0.448224573575528;0.445557534172053;0.0230530927665618;0.0950248775989731;0.981911289563774;0.341031640887642;0.442383747958454;0.109013765068946;0.452835607510252;0.224049196708785;0.476729128675394;0.203344151305475;0.0168545363398002;0.191924711793812;0.132103617730665;0.213014871622126;0.476528828116731;0.254528096481394;0.131551895101199;0.105231427870998;0.451515328533409;0.3293714805016;0.343569707697897;0.172528128977878;0.141101160718083;0.0916453864624708;0.234689160257964;0.117768337423461;0.446099050885703;0.0098191634284342;0.0501251119355442;0.459189761932567;0.268228682401813;0.455858947228161;0.12289293078142;0.0396154253393695;0.424823737921571;0.317659890638255;0.253598237820422;0.396233012116914;0.50957422896635;0.169652892452894;0.474318490061948;0.440271732593948;0.281862325667309;0.997354169946684;0.137863015167016;0.211646298233484;0.0353527117301902;0.0630741238757768;0.213227504682519;0.0933678303180557;0.443022463825216;0.510722297534861;0.221613759519348;0.231647854115184;0.21645060320275;0.0319655588111578;0.355551152538941;0.0729702505168183;0.974305054410322;0.190419277893842;0.474496659414961;0.32714041478217;0.420507068129623;0.470850800063595;0.0327837909413641;0.0170628760554512;0.483858228714377;0.252098900237831;0.166115667026246;0.420244753836639;0.167611534817339;0.495129421678726;0.463427902592741;0.491591566292189;0.130360645741371;0.128335279012627;0.443640759193572;0.310061425101918;0.0232891328393343;0.450869359365108;0.147820921472723;0.00357863581677362;0.463604803309861;0.536971299165317;0.235182345730307;0.0727957476281671;0.46610410194265;0.0314792083326115;0.103468627326643;0.0439443184072828;0.102150454111767
"Amazon1";0.153748193526336;0;0.233543718469849;0.254301379240329;0.235816714699601;0.222057619080954;0.239507478139405;0.382220489204641;0.988984664084986;0.605680028304789;0.23346100591193;0.0498809170763742;0.258002283416144;0.0558995706387255;0.287062073875839;0.0221193409321576;0.196784203962138;0.0360646930976087;0.0444704177573098;0.0447346019669772;0.266146655286806;0.520896244550217;0.405177081059296;0.073531233091734;0.63954692791978;0.518579850493016;0.201104622549853;0.0428448058590542;0.0160055265590454;0.0731349193350956;0.0697950844484372;0.0505822711456156;0.23424579817389;0.245137425429294;0.325671625536619;0.22925009397197;0.11530019616249;0.23853038231078;0.406336665828616;0.150965649093144;0.209922169215348;0.178725366358254;0.019658755315804;0.165404301654493;0.300532136757703;0.0136812078276003;0.267143571214547;0.230016821275485;0.117102466290545;0.999363981172405;0.0274255517062041;0.058339316010436;0.156355376750913;0.12171161178235;0.0371674906555139;0.0619827545806144;0.227719851872778;0.306268277873796;0.0579180017102132;0.0908683475088389;0.0569434826674356;0.170996259929441;0.113817474283752;0.105280694888214;0.979860668380686;0.030760503632982;0.258081540117413;0.0954864181801773;0.200791317038624;0.256716977089423;0.17678095257867;0.190703335900425;0.280622017965402;0.0374370331014741;0.0093020073538287;0.208381148452693;0.046422662974509;0.284477915424241;0.246049648179547;0.289427643322349;0.0469684717774268;0.424065175919851;0.22832154843272;0.101718413055346;0.162321201305716;0.243456003095374;0.00941946013907823;0.22289772570937;0.246865105369217;0.74244958028102;0.033662870519893;0.0985671867092474;0.269238446226367;0.175116467879735;0.0771439489401837;0.309086630694722;0.0539239834438016
"Amazon2";0.438535332312859;0.233543718469849;0;0.0201759083821776;0.000168460923734485;0.00365635766502778;0.470511635128647;0.601318808097437;0.993172611879383;0.738931383648737;0.000584053818575805;0.279242182012672;0.026969200973414;0.169604576447139;0.0526303736460833;0.201001474637295;0.425733238450435;0.190546706752045;0.278578185452742;0.184138329252364;0.0369953047063737;0.690511781456349;0.592013631264551;0.304761666806965;0.794185360578647;0.706917910279295;0.030710531208994;0.167204604827741;0.246104998608727;0.304386498571141;0.144231541787631;0.284956863677702;0.0056300055307609;0.464213493754948;0.526326684495126;0.007586062989856;0.115270673369458;0.0112201142363172;0.590263514880836;0.376936053066394;0.0193820774526266;0.0519945561472381;0.204762501158444;0.0559382955648201;0.0708865437507343;0.245045388294561;0.0363935995390679;0.00352409789249807;0.106292011335877;0.999359694023556;0.253219121269705;0.155860711173678;0.380261451830023;0.350590798921851;0.181097003787992;0.289181062535724;5.41696821677351e-06;0.0761531993631903;0.155201707141784;0.122265256915569;0.148546879877092;0.40492697352543;0.106144964530313;0.332547456539007;0.990278493267799;0.191678724560403;0.0254845463024324;0.123917565989885;0.0208513128315569;0.023087776521595;0.40029175056441;0.410628005988324;0.0479506062917537;0.185654275847087;0.222515556473089;0.0241422126085831;0.286563526817567;0.051594910266889;0.0140791609514349;0.056363553788923;0.281755538102471;0.611278430591395;0.00420073787438233;0.116406427145768;0.388763441608185;0.00879466306944432;0.237359339302262;0.442061190863769;0.0159845433818301;0.832519734487252;0.188172836337138;0.319995314098039;0.0364984298498835;0.39835987989404;0.321827993660277;0.52160790454783;0.281293459651631
"Amazon5";0.465644870003452;0.254301379240329;0.0201759083821776;0;0.0199141426990477;0.0239457614230975;0.496164469111743;0.615315711777678;0.993446868659997;0.748375511608121;0.0191543525736695;0.302340807787311;0.00776166290281884;0.190591684509244;0.0330141292458573;0.222923259313688;0.447115402233813;0.212632629280757;0.296204160841768;0.207167332047024;0.0170818950476263;0.703014478016355;0.606146808059047;0.325782960185525;0.804430112369181;0.717664963033021;0.0496086036510028;0.185346956255012;0.265496551859622;0.321340829120171;0.165374026640144;0.30336729777156;0.0132969618952652;0.481023458927828;0.551298863857323;0.0105636846959109;0.136649274000591;0.00737789719121369;0.603620956056416;0.399480043481107;0.0404179101189966;0.0712256435695193;0.228348713610822;0.0763656775547203;0.050143480115379;0.266742900655111;0.0164490923427362;0.0150401639813326;0.126760513477255;0.999508704276677;0.275189378331244;0.175286461650579;0.399908896723207;0.371605833562327;0.205110789759699;0.308113691805372;0.0184751754186864;0.0555280244585041;0.175266971442194;0.144514374946279;0.171638715190834;0.427769585555757;0.126448639975877;0.351089197983441;0.990668462761013;0.209740244475057;0.00513652561994106;0.145449902405586;0.0395344004592746;0.00310379603258457;0.417807834320584;0.428895783988671;0.0274853824356743;0.207576591329186;0.243646180443877;0.044710739638363;0.315892599962073;0.0316703108522571;0.00559664430994611;0.0361101612425244;0.30178059251177;0.633677393150142;0.02409072812419;0.13650302286954;0.413413530398621;0.0111755328643443;0.261823558833292;0.464459466322473;0.00267614600975089;0.841360334369081;0.212256560858894;0.33860840408692;0.0169221467082918;0.414899602938793;0.338651625384111;0.537436750787821;0.298199388561592
"Amazon8";0.448224573575528;0.235816714699601;0.000168460923734485;0.0199141426990477;0;0.003862898499228;0.477594954444331;0.581836147661976;0.993175050529414;0.739260937210206;0.000410801251393954;0.277305472586854;0.0260414950185005;0.169087830789309;0.0533119023667272;0.202647354887913;0.434241635811603;0.187006020132982;0.272843789963309;0.181034774808349;0.036215452632038;0.689073939934687;0.593138209882873;0.306353194096686;0.79075516514224;0.708114803647174;0.0310038701646505;0.161904786600414;0.239831710408556;0.296591203333793;0.142156881912241;0.281643052956404;0.00557459003732634;0.465600802949008;0.543547698785816;0.0076014196753163;0.11694329677891;0.0108306956812179;0.589601812579683;0.382732118563696;0.019637561341202;0.0524175039043675;0.209807625120124;0.0560976306115807;0.0702256848920106;0.245840337817254;0.0357389354829312;0.0033974072298586;0.106660547664717;0.999616180252338;0.256810316702432;0.150720023542925;0.383979101577056;0.355958436562901;0.177099843535762;0.277631498010486;0.00016624197304013;0.0764051564856593;0.159424468898241;0.120690995116527;0.146688464625643;0.402336964111369;0.104978125477377;0.332414372380617;0.990281960617406;0.189220800204188;0.0249142884310029;0.124263137022883;0.0208907392911981;0.0231915658863193;0.400793487402474;0.413227070933285;0.0477865142656953;0.187541433889405;0.217452910388147;0.0247006750225886;0.29800704863955;0.0512981751776307;0.0140854004936504;0.055239174539305;0.284318559379837;0.621059115173158;0.0044300257465062;0.115140225669115;0.393487545629276;0.00849998253360323;0.236752081638423;0.448080296841815;0.0161339664890069;0.83628088819574;0.188971455110989;0.320042117558183;0.0360269200641702;0.395477993174634;0.317351507696348;0.519162927050281;0.276559018743983
"Amazon9";0.445557534172053;0.222057619080954;0.00365635766502778;0.0239457614230975;0.003862898499228;0;0.46981631113848;0.599901760776164;0.993119585201321;0.7361309854847;0.00419333448674231;0.263822048154589;0.0296255059064104;0.166916089425491;0.0568548084871738;0.198408837226239;0.425069583334087;0.180349066789201;0.26719152682531;0.180613330528208;0.0394856882609223;0.679663346778804;0.586629426565666;0.304715165392384;0.789151614128682;0.69948673940671;0.0265455031689496;0.152718446818754;0.228796603536729;0.294560251113977;0.13737514146801;0.269012676851432;0.0092194283976628;0.450322601901114;0.539121812245346;0.0111326714331583;0.109761198951425;0.0142027631197412;0.58499428024161;0.377583765334884;0.0157667494466766;0.0476117825121529;0.201023758385729;0.0518921323993525;0.0746083448193736;0.244912060477758;0.0388190224612523;0.00715854379494977;0.103841135229416;0.998657427467724;0.250852584087383;0.144351686365583;0.369759691108971;0.349850470965864;0.179663585724538;0.274156511546941;0.0033979037034709;0.0808084355837147;0.151881719612143;0.119234743096513;0.145684680832032;0.39698417184728;0.101826469100738;0.316836636021367;0.990203099152136;0.18065117689591;0.0292169121378335;0.121629708409137;0.0169419173285558;0.0264052425323824;0.393109486705452;0.401518575468758;0.0512077645908307;0.183028711439185;0.216835471202095;0.0199006723925497;0.290387546096536;0.0551065109553719;0.0178114116529496;0.0590198848011937;0.274130301958565;0.618896186831468;0.00058780752698444;0.111919522764724;0.388088702433478;0.0125080101042392;0.233147087216611;0.44363715412461;0.0192615239446543;0.818644990971603;0.188406943667691;0.303873961325648;0.0387117167486743;0.381929020997726;0.310241470530174;0.513739285795106;0.277552426750753
"Andira1";0.0230530927665618;0.239507478139405;0.470511635128647;0.496164469111743;0.477594954444331;0.46981631113848;0;0.110023061244716;0.93617673989459;0.376883542579644;0.469090166759859;0.193535800508462;0.489227925798814;0.317792395428197;0.515679122847579;0.27011263518258;0.0515283444188516;0.290549702462793;0.196197003505841;0.307175069094868;0.498355071617853;0.304958095031799;0.140652939752749;0.170956982159109;0.501571060171208;0.335658957056216;0.449421933245396;0.267031302218054;0.233483165749163;0.153282119836665;0.332533570251339;0.192942063543526;0.481647596286457;0.0147787556824551;0.0525922678691846;0.47276500222767;0.368340907889574;0.47880506451002;0.135242088990222;0.0808645936136127;0.456141945036081;0.425109340238488;0.288134019221045;0.408465928785452;0.529351138513528;0.229893681571485;0.497470210609442;0.466566206765215;0.371459467007483;0.994583551960879;0.214053580736599;0.297953999253581;0.0717388627637701;0.115641312213036;0.291553988773991;0.150476417259929;0.469474435987696;0.535363635035112;0.312493390363212;0.349914477589056;0.30981161693399;0.0710524400312232;0.377631656105577;0.125876363873309;0.972527010731103;0.27285726115224;0.497472318368859;0.351553203881699;0.442334360433546;0.497262544713463;0.0673512606159515;0.046821103804533;0.508138296747533;0.301088839331607;0.267523767562401;0.448511317708903;0.188756778514957;0.518564367580868;0.487529579817172;0.522987275923793;0.201927795651194;0.146227068610622;0.4734093954291;0.359990019946775;0.0469933753440278;0.485358349722622;0.239717286339072;0.0284059719654773;0.485251021490318;0.564042392247499;0.27697163513948;0.126207766847382;0.500837312355266;0.0691356712047127;0.139184655932575;0.0387135487842462;0.156006484148946
"Apaporis";0.0950248775989731;0.382220489204641;0.601318808097437;0.615315711777678;0.581836147661976;0.599901760776164;0.110023061244716;0;0.892443413125975;0.16144812759834;0.588369355036149;0.340423130934944;0.607196300521756;0.462907491689878;0.636400970706161;0.42382148866225;0.14040497559988;0.436661358109271;0.339794288013901;0.464586810283671;0.606683886090096;0.101035110701128;0.00784388972428061;0.327226133325915;0.305350043908595;0.113800594651027;0.56156654402384;0.426808216933543;0.375626859504736;0.326003197019129;0.470994416783026;0.350766085006013;0.589244842988261;0.108774369342555;0.068230879472278;0.585021162714691;0.484905842568005;0.586805091007339;0.00998875369098067;0.209864086281535;0.589324326961817;0.549185903843842;0.323404893646343;0.535416037162925;0.6463614594238;0.385129319921166;0.605332006423662;0.586560229494791;0.505287062682828;0.957581147476772;0.375512970452494;0.440869534091451;0.202120171458493;0.275073113277538;0.463664279963547;0.336806781703539;0.575807677864688;0.649277025239826;0.450647777677743;0.507227239350326;0.480356251420517;0.186696775521443;0.495223493886487;0.241402344156322;0.945412423261996;0.427094979337332;0.618594602586675;0.480197884322427;0.557818117695995;0.602963885540333;0.213750568619259;0.175447158944706;0.632877124450809;0.424838957816577;0.435991873039424;0.565533204032223;0.22277581395177;0.633749751855785;0.600001555513879;0.637773932413118;0.352304795884483;0.0230929911815216;0.579371711655955;0.496698662480279;0.191097479219502;0.608131365007173;0.415876275941827;0.184018318767812;0.588047922992656;0.327866358121535;0.43285497760938;0.242021360346816;0.603829281215778;0.213687148959575;0.26615527550638;0.0968296112127542;0.349821224686844
"Apurimac1";0.981911289563774;0.988984664084986;0.993172611879383;0.993446868659997;0.993175050529414;0.993119585201321;0.93617673989459;0.892443413125975;0;0.876116380135013;0.993180933675825;0.89167764320895;0.993559034000361;0.990282103117308;0.993884470947822;0.989557312761001;0.982788381704458;0.989831886606873;0.987779902009582;0.990035862235254;0.993688241758849;0.863937343946169;0.973535854634526;0.98019116970118;0.6425871507094;0.794737545536678;0.9926672528454;0.990046911582476;0.910045502317069;0.929443717306685;0.990611899620116;0.926227352269979;0.989452265803036;0.981354105685511;0.877164820005587;0.993289249467416;0.991278295025773;0.993338198635158;0.883585950469982;0.984187196974863;0.99289244145029;0.992327707189456;0.989568938825172;0.992346536401432;0.994087292820493;0.988612212178915;0.993679758849918;0.993225981963734;0.991384463088061;0.270315944532334;0.976230119123275;0.990368209324456;0.984192939978346;0.985681433906177;0.953928633098212;0.976542787028772;0.99317252860364;0.994146231412815;0.984603224065784;0.986048619314331;0.98546391655882;0.983727806789192;0.99151299177056;0.985994712616623;0.0547362041983753;0.989733507874025;0.993515526707905;0.991194420977032;0.992851031708656;0.993488952361492;0.984115683667217;0.983082174985438;0.993812566377038;0.953682866582271;0.928872897844325;0.992825631928076;0.987332132598966;0.993867206301916;0.993370038559565;0.993916760003005;0.987766862999337;0.893779641474463;0.99311068724286;0.945247724855229;0.983479930099018;0.993295344983079;0.930626303245065;0.982156728323013;0.993407837518311;0.82263293965877;0.984939673376068;0.986215397121309;0.993684540998443;0.902203852345227;0.898810205069922;0.802895413600951;0.987426127825249
"Arinos";0.341031640887642;0.605680028304789;0.738931383648737;0.748375511608121;0.739260937210206;0.7361309854847;0.376883542579644;0.16144812759834;0.876116380135013;0;0.738050290327793;0.567606677510112;0.750175387653396;0.645827893586154;0.763229001590194;0.611801941619302;0.433100481863319;0.633805918976073;0.568263652362036;0.640008966369401;0.75585573743304;0.0762945335404497;0.23807201834767;0.522014597788495;0.104250884491541;0.0488805745057078;0.722406667382031;0.624455161474141;0.595919902471449;0.535862155186214;0.65561624537366;0.570721801902212;0.741935420440042;0.414859017022381;0.249799513897822;0.743039401539551;0.678137203753894;0.744415294625071;0.26114580675024;0.462939878851812;0.729826768526016;0.711392782256379;0.625885097648631;0.695180336692641;0.770073157713317;0.576675404210805;0.754717995052205;0.739003598415015;0.679668457911633;0.981725030443179;0.585733412208588;0.64119992754247;0.471699736247224;0.497093287857002;0.607895515726511;0.542825924406403;0.738723588985188;0.772235381578471;0.631409290604665;0.660706641041145;0.642669321684791;0.470360181736037;0.683876362744531;0.516987773665753;0.877115519206306;0.627684687905697;0.750637797508986;0.666740424549075;0.726485197254099;0.749768166122267;0.452577218342746;0.438615567720043;0.760622943975282;0.607255405783043;0.615088092542629;0.725328523469578;0.56220966386341;0.762619451232861;0.745766245056059;0.76426806007627;0.572435011830166;0.165229860930633;0.737073509586932;0.669909967150844;0.374747184216866;0.743221906195238;0.600773087906908;0.399276130210908;0.746667511034441;0.223386976796863;0.601432397450466;0.514971177699899;0.755213488563307;0.450876211869405;0.506722337958431;0.287278055719232;0.556403331296135
"Aripuana";0.442383747958454;0.23346100591193;0.000584053818575805;0.0191543525736695;0.000410801251393954;0.00419333448674231;0.469090166759859;0.588369355036149;0.993180933675825;0.738050290327793;0;0.277224770980024;0.0262432515994887;0.171796701258655;0.0517434014977876;0.205547804794948;0.430046838430576;0.189082985393724;0.281880682144531;0.1803318119505;0.0367118547323798;0.686633398338572;0.593220428528929;0.305017807770022;0.790141944729717;0.706309536091692;0.0316347389520436;0.166194447807125;0.244558772007737;0.309284625199853;0.145474286194564;0.284179135894276;0.00506752814664615;0.464231662800378;0.521502918527276;0.00713352540600223;0.118974912592258;0.0105857138315252;0.59001260379068;0.377082843926921;0.0198156235069445;0.0541778540088357;0.207007754587349;0.0573925167431154;0.0705808182406013;0.246975056782449;0.0360308995861121;0.0030112918594659;0.108254235185675;0.999360126855069;0.253029874625787;0.157135651097117;0.382843130402831;0.353311845068715;0.179141740876885;0.289223602124447;0.000548841937383546;0.075136202720856;0.155588499704134;0.119752909478836;0.145295251532491;0.399513587148336;0.108317422686144;0.332398231245742;0.990290325475518;0.192093929365959;0.0247640750004541;0.125699320854484;0.0214060428380495;0.0226132444445122;0.400814335883585;0.412083167029421;0.0466447162568678;0.187712899589284;0.217235185626849;0.0251458979220451;0.292027756988251;0.0499725212394262;0.0137523422339736;0.0542866669793058;0.283027766668339;0.607785719116964;0.00477071296736761;0.119195522389358;0.388346788102628;0.00802533295143305;0.231502584147999;0.440431527775273;0.0155384234870848;0.833308592585859;0.185346902010491;0.320175567909039;0.0362774447038756;0.397063745261088;0.323196692633794;0.518336623330198;0.284657364270695
"Bacaja";0.109013765068946;0.0498809170763742;0.279242182012672;0.302340807787311;0.277305472586854;0.263822048154589;0.193535800508462;0.340423130934944;0.89167764320895;0.567606677510112;0.277224770980024;0;0.307654126954998;0.107098709635041;0.330341971614534;0.0688538073624557;0.130447484825021;0.0919609394436217;0.00303161905439831;0.096502770922911;0.311454407183119;0.499183534660528;0.32898216159771;0.0217874927731623;0.643943416083897;0.493500333348619;0.254321578361059;0.0941622426231383;0.0366257007052849;0.0264562032796492;0.125789556110684;7.93295219017775e-05;0.280872735083211;0.167143087383444;0.286865569722655;0.276500131025668;0.164052069295734;0.28918413040991;0.355586574547882;0.0960087258234435;0.253057959460001;0.224965201810843;0.0573194905046642;0.20663877006799;0.34326072416083;0.0313790606326623;0.313756397315351;0.272350107242746;0.163836762077107;0.999359701514211;0.0190786909634123;0.109515999273172;0.0994680782796176;0.0620036341612295;0.0876416781410311;0.0184740435144289;0.277209671904576;0.348543720787327;0.108922509183902;0.14695652810401;0.109721865104971;0.113326233652809;0.163354530887463;0.0533192867028687;0.977735748412393;0.0815874867729247;0.303968373660574;0.142345591751576;0.248948887497769;0.305478277757108;0.107903676457291;0.13210669165979;0.31955691089071;0.0837012006374322;0.0603014230162543;0.249400116156213;0.00841550545249051;0.327823673868428;0.291822887816533;0.338011726849936;0.00280858854319119;0.38875832868055;0.282904935133076;0.157005399397596;0.107067443042752;0.292065791651084;0.0392120408541775;0.161259921221716;0.296960203108342;0.691449460353664;0.0785352103370727;0.0451942267233573;0.319101514808156;0.123413260256259;0.0323888093189295;0.271206262509889;0.00766236026751543
"Beni";0.452835607510252;0.258002283416144;0.026969200973414;0.00776166290281884;0.0260414950185005;0.0296255059064104;0.489227925798814;0.607196300521756;0.993559034000361;0.750175387653396;0.0262432515994887;0.307654126954998;0;0.193986551928267;0.0238448062188948;0.224374010554946;0.446754326757701;0.22012863727672;0.310764944903565;0.204423924451337;0.00971069619456242;0.706216737924941;0.607911339933344;0.326230583880647;0.805643745035611;0.722086224399409;0.0591700691317918;0.20681282387407;0.274335937244488;0.341897472848809;0.181698350430872;0.310747456881189;0.0212183565893638;0.484647753337028;0.54105693748874;0.0185705224132275;0.138913375328651;0.015785818974419;0.606297028520998;0.408905668877499;0.0449431684428998;0.0794032427641631;0.223649583280148;0.0814961754556772;0.0406276683028215;0.272022590513664;0.0090590931380359;0.0237882475253966;0.139476823734254;0.999666042755792;0.285973278380735;0.197144607654073;0.417855995363037;0.368591577834055;0.205873260064875;0.325720816446669;0.0272490973756719;0.0450397376390354;0.177632067221576;0.14586375949729;0.172562549434863;0.420471756161735;0.134035995972468;0.368477843480961;0.990827965311436;0.225485433201482;0.00300339181685101;0.151281557668868;0.0500558141792272;0.00484974406870704;0.421219677695773;0.448062910076675;0.0186585821465414;0.208666703887797;0.23901787979943;0.0503090357826968;0.30503998293945;0.0230460311500668;0.0131388614209875;0.0272089125391515;0.30724377549526;0.628161368490895;0.031209212274879;0.14401583982536;0.42380874929896;0.0183102617943944;0.255467303992981;0.462371437063831;0.0106927389361913;0.846381114841111;0.210137700035632;0.361066080500329;0.00924135135168997;0.423624067365612;0.348168656644629;0.542799644968571;0.321685567174162
"Blanco_Baures";0.224049196708785;0.0558995706387255;0.169604576447139;0.190591684509244;0.169087830789309;0.166916089425491;0.317792395428197;0.462907491689878;0.990282103117308;0.645827893586154;0.171796701258655;0.107098709635041;0.193986551928267;0;0.22038260439437;0.0329839287353754;0.247993518359688;0.0207951528256363;0.103037304713238;0.0118700720070692;0.206814054848864;0.577004432982388;0.458977909631563;0.135086760710263;0.711801509382775;0.596368735720792;0.140473268383812;0.0098159129841885;0.0722897507498785;0.142064857677079;0.0156157103129743;0.104574832663373;0.168873062071804;0.275360406695189;0.400967195402108;0.176139487566608;0.0518260203213066;0.176140384195573;0.461220612379732;0.223821901547064;0.147601434554555;0.11595752732945;0.0251708532197459;0.111462745958939;0.244214256506646;0.0748547133928393;0.206259114826646;0.175371612957059;0.0578712932837636;0.993485725259032;0.0900694121883002;0.00363820215911637;0.21750911197329;0.1886252875244;0.0106152955007035;0.128629550475398;0.16554616153575;0.248030983272747;0.00361744486066646;0.0340585543842359;0.00613300451786102;0.239611134956399;0.0600824543245183;0.159796501117044;0.986171203695819;0.0242400079729269;0.19968859661948;0.0428548149966145;0.140474333970496;0.194736405616677;0.237889188700272;0.251760306377974;0.214661042659761;0.00970186592967299;0.048718644409471;0.141058043317296;0.0947239764124847;0.219084452542886;0.188202544226107;0.225455553750581;0.110030957587743;0.500475200024847;0.164100276012173;0.0469651383615759;0.240949463853072;0.18123369043123;0.067263103745699;0.294766329306666;0.18382678415646;0.750205742803537;0.0152006897584158;0.151958180351169;0.197977133467681;0.231616457187337;0.128261015804381;0.373224389892966;0.12295422999095
"Branco";0.476729128675394;0.287062073875839;0.0526303736460833;0.0330141292458573;0.0533119023667272;0.0568548084871738;0.515679122847579;0.636400970706161;0.993884470947822;0.763229001590194;0.0517434014977876;0.330341971614534;0.0238448062188948;0.22038260439437;0;0.254411639794255;0.474234086070469;0.240496060785256;0.322698344848269;0.23791423438817;0.0146140454774544;0.71823047677401;0.62769612819907;0.357467870717841;0.815655189947438;0.730489873220959;0.0834586296318317;0.224003348737169;0.294261303934046;0.354482246576583;0.200413712331754;0.336316642009651;0.0474961249534672;0.50811430270409;0.58089252634761;0.0447784464140901;0.169844626995639;0.0408830465718361;0.625159015202583;0.441168914898615;0.0741112985717214;0.107857921239561;0.258651295489059;0.108064054288837;0.0164068554926209;0.296175418725495;0.0153102457936052;0.0500322627669452;0.164310515994084;0.999682464016602;0.315078024960329;0.206504125869554;0.438893441441651;0.403040159040907;0.235737806518642;0.327742808864215;0.0534758076013466;0.0216197709012138;0.209126130818124;0.176988476696089;0.20126360826191;0.455696735024038;0.156442063647376;0.388347153946109;0.991290789697442;0.248005282472817;0.0275453193975836;0.174524960382133;0.0756563876373784;0.0294239211922305;0.445961275031401;0.467123385395529;0.00567311632416104;0.23652120888943;0.274635924526564;0.0773533624421842;0.341721828825527;0.00134820334083844;0.0379045088449757;0.00254421749480565;0.333371372055217;0.654175151337748;0.0558716918807426;0.167353521688475;0.456925194023356;0.0441937619209506;0.294176410717535;0.491009492375235;0.036113573216573;0.853600509265146;0.246036804322733;0.381655610152168;0.0153271519826965;0.444842331310125;0.368319104848307;0.56213479756741;0.336401951063727
"Candeias";0.203344151305475;0.0221193409321576;0.201001474637295;0.222923259313688;0.202647354887913;0.198408837226239;0.27011263518258;0.42382148866225;0.989557312761001;0.611801941619302;0.205547804794948;0.0688538073624557;0.224374010554946;0.0329839287353754;0.254411639794255;0;0.218112889129027;0.0114632784651868;0.0723179879805043;0.0202392433262565;0.239283363788472;0.539586309851815;0.407367882185592;0.101213596132925;0.684997360980855;0.567269911466196;0.174976023174248;0.018616681425552;0.0372373833030187;0.100416719169549;0.0477030115471299;0.0748065702796436;0.200627788829158;0.261375415356549;0.348969864900969;0.205626868406152;0.0858967443587959;0.205417570090918;0.405738134513031;0.182315355273161;0.179294390762311;0.150404259525906;0.000396765784216881;0.14918939679485;0.277861751767887;0.0430525084338618;0.2390103631985;0.207048419077407;0.0907352875327779;0.998457829318749;0.0514831443168917;0.034498196527223;0.180168350048784;0.140225771846845;0.0164506759155621;0.0931854930558847;0.197809091115427;0.28069998616259;0.0366065272683739;0.0663431325067418;0.0381955424935627;0.195975177331947;0.0910640049406221;0.124794975010745;0.985142098799288;0.00718287978409295;0.232762338167543;0.0724101250586877;0.168056828793536;0.229151872949724;0.19141377259876;0.214023023503354;0.247406033730445;0.0168159347278369;0.0129859950426494;0.174234133943368;0.0695637890123835;0.251344307706966;0.222916180735835;0.257410707703821;0.0743340141270964;0.466017491439649;0.197322879759604;0.0769766534510883;0.210487549054918;0.212747364350239;0.0318560028062005;0.258055132423838;0.216353752529596;0.739604259808366;0.0132555060511589;0.109357422343745;0.229395681195606;0.191979676635348;0.0987514491128858;0.338061368243497;0.0828877983281932
"Canuma";0.0168545363398002;0.196784203962138;0.425733238450435;0.447115402233813;0.434241635811603;0.425069583334087;0.0515283444188516;0.14040497559988;0.982788381704458;0.433100481863319;0.430046838430576;0.130447484825021;0.446754326757701;0.247993518359688;0.474234086070469;0.218112889129027;0;0.230522530127106;0.15054848910314;0.235676427404071;0.458049290522786;0.350828035112186;0.210147734761428;0.116717222714535;0.530378075471156;0.375873040389859;0.402102157334271;0.212910735294438;0.166043463606486;0.0944383196674695;0.262953765499827;0.137690601465073;0.427808057145286;0.0345415410819928;0.0891612447043842;0.410518526891414;0.313463208638047;0.421162468536709;0.191638633755898;0.0301411686245687;0.399571550833119;0.384718544224971;0.240989180201775;0.361700455644282;0.485958669688513;0.177228996934574;0.457940012297718;0.427808817537577;0.32243305974563;0.997510130102294;0.148635152889393;0.253656119490476;0.0289642941351829;0.0684523248924818;0.216569712070493;0.0989418505110051;0.41771815892564;0.494494106099017;0.261898635927583;0.298333034567254;0.259116885265036;0.0222216589098804;0.315968664339133;0.0791826347342522;0.975538466746172;0.215079586548826;0.453930491081948;0.299686074534122;0.380692343725643;0.450245067673036;0.0266262459715341;0.00579914989771178;0.470852222887416;0.222463386668459;0.192101260814269;0.403528587852877;0.132519690376901;0.472432537725224;0.442481249320326;0.477269902923405;0.142469242742239;0.180115985157779;0.422465756406725;0.298571959045867;0.0118342319122339;0.439010612971028;0.170408455629897;0.0119465052667117;0.431726534260767;0.610082518848954;0.216065267524431;0.0818164101011031;0.450834197431856;0.0244586578424458;0.0879020197450843;0.0756810949129768;0.106995742974306
"Caqueta1";0.191924711793812;0.0360646930976087;0.190546706752045;0.212632629280757;0.187006020132982;0.180349066789201;0.290549702462793;0.436661358109271;0.989831886606873;0.633805918976073;0.189082985393724;0.0919609394436217;0.22012863727672;0.0207951528256363;0.240496060785256;0.0114632784651868;0.230522530127106;0;0.0827774563496515;0.00906403772041666;0.230109399350309;0.573481029339908;0.445118141413934;0.11152417423455;0.71047666702519;0.585794002378442;0.161183247544502;0.00927357146756086;0.0544004179034507;0.115691100272121;0.0368080556352929;0.0876480372805854;0.190777411990209;0.261883995084098;0.376520424063288;0.191738739863801;0.071476238371555;0.203512272755965;0.441079135356903;0.19366491022305;0.163674860244099;0.134743711505796;0.00868801147623796;0.125041921526163;0.258571657925776;0.0503549703824053;0.228831715318881;0.188299403166488;0.0767452044288751;0.999470568436125;0.066033092039468;0.0239440702293214;0.201921646363393;0.163180799451987;0.00664424296989256;0.110594629093449;0.189508664460899;0.263650137025726;0.0230248295393233;0.0553215204039729;0.0256120749574732;0.220497100870187;0.0785347211250025;0.148362162555046;0.98553191945626;0.00429815956465516;0.216467178219188;0.0605496850290982;0.162263851332111;0.219502569243226;0.218246445325369;0.237966802999309;0.233065435664061;0.0068980361978621;0.0253699675853963;0.15974420123445;0.07558179897342;0.241773723931549;0.206063245809021;0.248644574912307;0.0879816099244083;0.48320640496798;0.19173558434396;0.0659839642306019;0.222138511981371;0.200038003608405;0.0462584306500198;0.274045149575189;0.206536432039827;0.767746378427618;0.00261884987393476;0.138994559907458;0.225683079536036;0.219211748911381;0.109146181537231;0.361772105689229;0.0950714413001671
"Chapare";0.132103617730665;0.0444704177573098;0.278578185452742;0.296204160841768;0.272843789963309;0.26719152682531;0.196197003505841;0.339794288013901;0.987779902009582;0.568263652362036;0.281880682144531;0.00303161905439831;0.310764944903565;0.103037304713238;0.322698344848269;0.0723179879805043;0.15054848910314;0.0827774563496515;0;0.0872022056019715;0.318972124238;0.495857704717227;0.342829588017382;0.0247857296369187;0.645774548913864;0.517268285650513;0.251106030380062;0.085757380052928;0.0278757038031414;0.0299078420330335;0.123213802013216;0.00338511879557695;0.273211109521046;0.196038204709574;0.251649543424884;0.268806000080648;0.158521485390155;0.279451792876614;0.344932229694984;0.098087357246618;0.247144219733489;0.228106826256178;0.0619821352635175;0.211896214223362;0.349235784802269;0.0311768220610117;0.319547298547146;0.278634624603582;0.166837977779932;0.99933477427584;0.0148120072513257;0.113394816520986;0.104643931974953;0.0621150194009789;0.0780545331455817;0.0224873792170263;0.268789160271638;0.350075471084024;0.105349624790171;0.140394484063426;0.112757017148837;0.123318732688348;0.171367404143434;0.0558823286617451;0.9826197558659;0.0767345343207938;0.305193077008492;0.148328747427235;0.240105285446259;0.300150615209977;0.104691569745137;0.138836295445048;0.32000022768072;0.0760816959656306;0.0521043292401008;0.247590574249318;0.0121946646511046;0.32430583637867;0.294975859792677;0.33144958554876;0.000448389183077417;0.362635875968635;0.271565898325969;0.151130726468643;0.116121623196207;0.288470548483195;0.0328904304060142;0.161788603351938;0.283936477957248;0.716823568696138;0.0738243134961655;0.0459683412953438;0.307639034996201;0.111535167343197;0.034512245916298;0.256926937388218;0.0112192309566844
"Coari";0.213014871622126;0.0447346019669772;0.184138329252364;0.207167332047024;0.181034774808349;0.180613330528208;0.307175069094868;0.464586810283671;0.990035862235254;0.640008966369401;0.1803318119505;0.096502770922911;0.204423924451337;0.0118700720070692;0.23791423438817;0.0202392433262565;0.235676427404071;0.00906403772041666;0.0872022056019715;0;0.2131339221281;0.568539136613015;0.444944320207362;0.119087647824952;0.70641414001959;0.585810967727998;0.147505975967905;0.000448440161154309;0.0609773724705414;0.126213229172486;0.026349581801375;0.0932799528062642;0.185985388845323;0.265567001729621;0.382852152456505;0.188589387730822;0.0623088093184441;0.189778028856571;0.451082821300268;0.211689035151709;0.166036392475476;0.125144344511906;0.0159590415049272;0.120046089952233;0.256112028956539;0.0604758399168659;0.211769530212389;0.180765809238638;0.0683329828909175;0.99503766609591;0.0785145056116056;0.0136367297313408;0.206352842646782;0.171769206293695;0.000973464227508474;0.111373037634109;0.175792825980058;0.260751659987236;0.0139678104533712;0.0452864435464844;0.0162559413796547;0.2276938199838;0.0699296074232079;0.14793901605019;0.985821539177287;0.0129843242883989;0.212381879412693;0.0531508595249026;0.152458163521757;0.205125989071015;0.226893515925621;0.237977211525797;0.231594487717301;0.000344636170468375;0.0376921239669444;0.154079238887447;0.0852195109149505;0.238879244281566;0.197191415617596;0.242384766911412;0.0964602068580474;0.490232094972304;0.174958541715213;0.0573228130812521;0.225538970502034;0.195730564425835;0.0571616256275859;0.281223042123145;0.194321005257147;0.737916701345211;0.00527260019251877;0.140394284073163;0.213548453029563;0.219867016089975;0.116642839127383;0.361863375896204;0.105874837801687
"Curaray";0.476528828116731;0.266146655286806;0.0369953047063737;0.0170818950476263;0.036215452632038;0.0394856882609223;0.498355071617853;0.606683886090096;0.993688241758849;0.75585573743304;0.0367118547323798;0.311454407183119;0.00971069619456242;0.206814054848864;0.0146140454774544;0.239283363788472;0.458049290522786;0.230109399350309;0.318972124238;0.2131339221281;0;0.710889649479826;0.617631240340013;0.33674736434023;0.80935199034151;0.725665604248029;0.0691709049111337;0.212852765113638;0.279889370148269;0.351812110107565;0.191566453190636;0.319690589186729;0.0312617895118468;0.492837357922683;0.550752945522146;0.0292217354837081;0.150996404910707;0.0263494503271216;0.613864603564864;0.424902470919232;0.0548917668568638;0.0908919212412633;0.238020197622246;0.0932906318233082;0.0314883097695675;0.283412391699965;0.000661152639973304;0.0343788134428658;0.15195156238817;0.99957005345991;0.296488629767825;0.205213556398246;0.425050683973258;0.379685925110642;0.212854908856994;0.340440475822135;0.0386673929037414;0.0362559211664838;0.188535005326903;0.153173072477538;0.179339436721646;0.426685177081742;0.147284183015252;0.376223951462827;0.991011712135586;0.236910982938823;0.0123396210101306;0.163269324758333;0.0619437484904933;0.0143609616253198;0.430853546818944;0.455994802425902;0.00936030028522368;0.22199581443519;0.247498245379505;0.0612199782715872;0.323493379487206;0.0137116629646314;0.0231840859979949;0.0175052597129474;0.3192585136729;0.63436531711345;0.0409913561801158;0.156371826121364;0.441911222426927;0.0276838316277325;0.263605756927671;0.472306995588736;0.0206346760946162;0.845813216644277;0.219775822713546;0.368036728658095;0.00027390884910934;0.428734045052995;0.357540792351157;0.549088983938507;0.332256891588358
"Curua";0.254528096481394;0.520896244550217;0.690511781456349;0.703014478016355;0.689073939934687;0.679663346778804;0.304958095031799;0.101035110701128;0.863937343946169;0.0762945335404497;0.686633398338572;0.499183534660528;0.706216737924941;0.577004432982388;0.71823047677401;0.539586309851815;0.350828035112186;0.573481029339908;0.495857704717227;0.568539136613015;0.710889649479826;0;0.139095210284173;0.451131423488924;0.201741876223563;0.0208541495436835;0.67313590960883;0.545811528576374;0.525231388237871;0.442792504470974;0.59649831436584;0.495431710994433;0.692606709833068;0.309098724818431;0.163481297962944;0.686366646340048;0.610591195928884;0.697785379797558;0.146989389945201;0.365194316971189;0.672961105947749;0.659647850598281;0.554643927412925;0.629090957694578;0.723857660766179;0.501443433855201;0.711132963096219;0.682970785516162;0.613937983931861;0.952865289429894;0.50887086596506;0.583317231082591;0.356512438417866;0.402504988004393;0.561273886564401;0.448602850397179;0.691733721656982;0.729062461368074;0.564443087467874;0.607310340491269;0.589286342283578;0.374586855888102;0.623345748467179;0.441252123879971;0.930909593894533;0.566012393559579;0.70423258777838;0.596501489055167;0.678470995488992;0.705101473655993;0.341007358893865;0.334077613405434;0.713455610629425;0.547538642142849;0.54552333414741;0.670645760785645;0.483178414916768;0.716956777092533;0.696959012101958;0.721646762750005;0.497790644736744;0.0840252835165753;0.69043374674584;0.605931427432574;0.279105064850639;0.69595287214618;0.519506693412156;0.298656540941032;0.700992143999831;0.264507476349604;0.527809197242183;0.425067912133143;0.707458088193438;0.34106924378136;0.403897489429278;0.217509466757821;0.444837989997592
