"Abuna";"Amazon1";"Amazon2";"Amazon5";"Amazon8";"Amazon9";"Andira1";"Apaporis";"Apurimac1";"Arinos";"Aripuana";"Bacaja";"Beni";"Blanco_Baures";"Branco";"Candeias";"Canuma";"Caqueta1";"Chapare";"Coari";"Curaray";"Curua";"Curua_Una";"Demini";"Fresco";"Grande";"Guapore";"Huallaga";"Iriri";"Isiboro";"Itonamas";"Jamanxim";"Japura1";"Jari";"Jatapu";"Javary1";"Jiparana";"Jurua1";"Juruena1";"Jutai";"Luna";"Madera1";"Madera2";"Madera3";"Madera4";"Madera6";"Madre_Dios";"Mamore1";"Mamore2";"Mantaro";"Maranon1";"Maranon3";"Maranon5";"Marmelos";"Maues";"Napo1";"Napo2";"Negro1";"Negro2";"Negro3";"Negro5";"Nhamunda";"Orthon";"Pachitea";"Paru_Este";"Pastaza";"Purus1";"Purus2";"Purus3";"Putumayo";"Roosevelt";"Santiago";"Solimoes1";"Solimoes2";"Solimoes3";"Solimoes4";"Solimoes7";"Solimoes8";"Solimoes9";"Tapajos1";"Tapajos2";"Tapaua";"Tefe";"Teles_Pires";"Tigre";"Trombetas1";"Uatuma1";"Uaupes";"Ucayali1";"Ucayali2";"Unini";"Urubamba";"Xingu1";"Xingu3";"Xingu4";"Xingu6";"Yacuma"
"Abuna";0;0.0793997786015932;0.0678047732725231;0.119327187407079;0.100844891625139;0.101920499354197;0.0671587624992372;0.388184207342441;0.927343162024237;0.361968904036028;0.0932279802167003;0.104428150405282;0.115222664996676;0.0492139557518196;0.0856215204943437;0.0351154509705318;0.054606022276457;0.0240125421885136;0.108227939656548;0.00744861974379396;0.136931866374888;0.292211689431693;0.162277937306425;0.116097437527378;0.412132283743988;0.320537410747592;0.107475943381902;0.186655030471801;0.1116244627369;0.0505084441875094;0.0779941158542205;0.0779517174990624;0.114668624863215;0.108172723903176;0.298190533733688;0.121889509867509;0.0640824542455596;0.0896114521740498;0.216314923394358;0.00343745207370043;0.0887666782375774;0.0399929707723441;0.046870257176699;0.0476379410575022;0.181037395846184;0.0136810983563987;0.140615759068102;0.124151454405974;0.0702310058979379;0.984778221926713;0.0622139250884052;0.0535865891234573;0.166778278785104;0.17566848554354;0.00666009138863453;0.035641275234751;0.124488165002381;0.192509102777349;0.0633980059288565;0.0278190019469932;0.00281749259703145;0.117425163224197;0.0972929943211108;0.169763835894027;0.875232443038755;0.0323136963877545;0.159871569657919;0.0309498104670364;0.0458911671007684;0.110874378530481;0.210558351742879;0.161166152770232;0.108845786583541;0.0197407253270515;0.0473292941979231;0.0528414569129264;0.038166704791787;0.156192742626363;0.143641820579535;0.133210170240009;0.0341274039539916;0.34327944697862;0.0975994893819584;0.0342170636270159;0.0907082742278172;0.103585144449662;0.0502810806642336;0.0906525309991314;0.131698517575456;0.527962712091716;0.0196241535127466;0.230638762707366;0.0735031684494477;0.102729052645172;0.109405340215373;0.187720207471215;0.0229714523398231
"Amazon1";0.0793997786015932;0;0.1647121571343;0.210699527063128;0.194633970286956;0.192113214393518;0.0148088785008228;0.304291878664566;0.912994996754219;0.300742919808914;0.192408687580917;0.0176748553284373;0.207915024102478;0.139039600137177;0.180699556632907;0.130959942660641;0.0290145809681674;0.113768186394398;0.0336065917622457;0.0967693709668438;0.23697432334815;0.217148736433657;0.0838618073555035;0.0326394951834839;0.326023754819879;0.234076917456266;0.203398452909719;0.110760848222993;0.0293199606149307;0.0241649536683917;0.170283922580579;0.00547187263102318;0.199255519808475;0.0303489759838145;0.189265281164882;0.21007566702331;0.158210260953407;0.182238323158473;0.14304907686077;0.0905069879185461;0.178777476502041;0.138281228949054;0.139089234621823;0.134120951608082;0.268871688695329;0.0995303293793929;0.23425679365874;0.214601088615222;0.162107198546562;0.981664344422649;0.0174630572238855;0.0239473267641952;0.0936554005712803;0.0873859780810348;0.0872871747903817;0.0394105190669756;0.220335047816697;0.279866582702629;0.162733191135534;0.118096962164247;0.0850536824342507;0.0324620593646037;0.187442086068855;0.0917256865710159;0.851333642849325;0.0491535114823452;0.247482290556544;0.0474354956888896;0.136810719872095;0.20041428961302;0.145842170533638;0.08644030436888;0.203076407181585;0.0647232499971766;0.0345566581322197;0.148109084481955;0.131481034586469;0.24610024645386;0.231649368470212;0.225348273727019;0.0500018460935643;0.235441791498543;0.188743544962834;0.12153164355486;0.00911223046187988;0.194146653285578;0.0270968225857642;0.00454850654182688;0.22173459692937;0.476251002480142;0.0651133121525095;0.154195021871416;0.169127281233126;0.0186890270375378;0.0262963978682811;0.0946245123865829;0.05539858103188
"Amazon2";0.0678047732725231;0.1647121571343;0;0.0462210418367185;0.0296904265743803;0.0309690887745044;0.133921410635967;0.459545433527227;0.937061844768788;0.448413306693451;0.0264531164517335;0.167169884291767;0.0434445275271529;0.0148595766544262;0.0166348497063894;0.0282440601405807;0.13099124757046;0.041306525841055;0.189223478829241;0.0597080656300611;0.0736969137053001;0.372848327623079;0.253972957243913;0.182951598306527;0.475695050737746;0.393542137091267;0.0381170031998705;0.280888716059444;0.193533236623886;0.118466403796711;0.0112032686094847;0.152610649921313;0.038942196665264;0.200199622302125;0.343238904384296;0.045699300925525;0.00088069818470016;0.0192058126188167;0.305064051217954;0.0631520247486778;0.0158932731045947;0.023274509970728;0.0215656016535627;0.0186911722750689;0.106825415663965;0.0484542108462876;0.0698419414517598;0.0514885410177902;0.00456851480512517;0.986866659669021;0.136959920284073;0.128707025726404;0.263373423178989;0.25424613292737;0.0584038474596298;0.0962427197478422;0.0570850101276731;0.119933120641227;0.000392452227564837;0.0327377440561561;0.0597125141881607;0.183928174217054;0.0269898362962303;0.261194588492107;0.891529236249153;0.104875934133421;0.0858251943468907;0.0983598681749942;0.0229276200666654;0.0366508603998499;0.306921688052346;0.256591082925234;0.038661825547929;0.0971688648480637;0.122252672822337;0.0148987239099687;0.0297542734929712;0.0822659222112026;0.0700553743137709;0.0603915565340304;0.108199203609928;0.390749270512577;0.0246623858127575;0.0336592426252143;0.166987403230741;0.0311072578054117;0.113754423488569;0.155922367452137;0.0569160438972791;0.599363390860773;0.091455224296383;0.321763513790757;0.00527708725476688;0.177173978703394;0.186366916372536;0.257022852919952;0.090200382294113
"Amazon5";0.119327187407079;0.210699527063128;0.0462210418367185;0;0.01585818005227;0.0142886861095093;0.194586239700068;0.495903520337569;0.942552455223197;0.485183510304268;0.0183576374502277;0.23115109126278;0.000361781594454961;0.0602671517774459;0.0277697933119786;0.0742781477142056;0.180687129806293;0.0917880672444985;0.234339925357247;0.111935400067681;0.0253713213779663;0.412684830409593;0.296154140216531;0.24556363385371;0.511287301991223;0.432550355177968;0.00239248904845166;0.321448675402178;0.241217655352408;0.166196670159874;0.0298953762534461;0.205171245554834;0.00587916831145796;0.244235923544673;0.409688182451556;0.00106686412922139;0.0433097560307038;0.0257652314839819;0.34717310248167;0.113749282101219;0.0295860386852869;0.0674580646195635;0.0693342122097904;0.0629265447316671;0.0608002735358152;0.0968874998029455;0.0236407761576127;0.00849853186781082;0.037026043697076;0.988039216805187;0.18663072983649;0.173429289299646;0.30444275625322;0.300313915569102;0.106348708392189;0.148596337434948;0.010844140032546;0.0735461325602799;0.0429192942989816;0.0794237262678254;0.108427926710739;0.248733227861191;0.0162501776931085;0.302546361890495;0.900788583708083;0.153361292418174;0.0392414634423599;0.147330206696342;0.068822188131499;0.00894095925770629;0.348923481290016;0.299246595248518;0.00674963068844721;0.142124903875295;0.17275407336064;0.0611857419912802;0.0774206131770137;0.0358124104164468;0.0241370270160075;0.0141766484676758;0.158888550799177;0.454210820190977;0.0209287067480787;0.0797244328621181;0.218478655786969;0.014087998964375;0.172803228223498;0.21718561436019;0.0112375674281594;0.628780779237271;0.142166177534944;0.361140597127801;0.0398242446658592;0.231218138175853;0.23216415059049;0.311413826831315;0.138084474658746
"Amazon8";0.100844891625139;0.194633970286956;0.0296904265743803;0.01585818005227;0;0.00126959968237178;0.171474523267675;0.483791422919859;0.940701535284559;0.47258137456816;0.00314980090286498;0.209210270755119;0.0146870269082799;0.0445556687272109;0.0121708202109356;0.0601958602443329;0.165300973199972;0.0741439893956138;0.225412533574344;0.0918586882265539;0.0413844736290641;0.399567042990151;0.280375799353809;0.231708665075775;0.499118954749416;0.421436552065629;0.0121796319439902;0.30868235679469;0.226077092262557;0.152724968678299;0.0152807156380024;0.185547368773152;0.00955018011810316;0.228330263955794;0.40216300564323;0.0162552238777816;0.0280994298239959;0.0100554641908708;0.332777859681921;0.0953032518530084;0.0130466264285843;0.0533267986235526;0.053232628017106;0.0472110346490459;0.0772795281526623;0.0817496127608963;0.0391427322909267;0.0236554411655047;0.0219516761237608;0.987644527146477;0.171601471105494;0.162166275553244;0.291131721347502;0.285529956980838;0.0913032781665699;0.1345575015717;0.0261493940239276;0.0907581056082815;0.0284752989544319;0.064535376830316;0.0955669399519292;0.227336523460991;0.00117890465453687;0.289351925181629;0.89766294958217;0.135903198088575;0.0556714350428235;0.134709741959286;0.0522556887741924;0.0069724694445975;0.331959136544867;0.284699073361003;0.00852300514999684;0.125564985739945;0.154510638618402;0.0450531378352572;0.0600885725674233;0.0514338395309752;0.0400701003590752;0.0298405137913261;0.140517351919576;0.441152352208566;0.0046178413618388;0.0639162477852236;0.2035354352813;0.00184455869612652;0.156539212664858;0.195176422054679;0.0267255462029019;0.618773486614591;0.126268799595431;0.34896057140582;0.0235239442884498;0.209863073090949;0.220753329293113;0.290402538208989;0.122531383304949
"Amazon9";0.101920499354197;0.192113214393518;0.0309690887745044;0.0142886861095093;0.00126959968237178;0;0.172952026103202;0.484068325637153;0.940855323706599;0.473202189008141;0.00431515089659037;0.203612909402062;0.0129355105349753;0.0453706193201885;0.0131987272710583;0.0600743294701373;0.164552899940937;0.0725242316281159;0.219712050273984;0.0942673229449306;0.0400932794836906;0.397866338406443;0.282158625864177;0.225624152098149;0.5000945276616;0.416201263263726;0.0105669475780471;0.302450458489967;0.219304833595005;0.148917293007471;0.015926747430963;0.181557523598502;0.00823492926465836;0.228490037435916;0.402816723347162;0.0151207647939133;0.0292004089569862;0.0111092149969032;0.333444226035558;0.0956017867108801;0.014458652254541;0.0526424906345848;0.0539325003554389;0.0484593963235124;0.0758092125990032;0.0824831647714894;0.0372123980887227;0.0226333839163189;0.0234580459236805;0.987677343648488;0.172969478612256;0.157910816245673;0.28817219413579;0.285015001676795;0.0944134876763365;0.131136054935046;0.0251456268604043;0.088800939336041;0.0284320772619061;0.0646900007121065;0.093094005393979;0.225315854994969;0.00236130946765936;0.282342109448408;0.897922486053165;0.133745939196491;0.0540058181587996;0.135747085795302;0.0526430629520303;0.00550913668589304;0.33364724981313;0.281626986823955;0.00702489953688386;0.128577342614104;0.154156572376921;0.0449668877114254;0.0627986651013241;0.0497318321506439;0.0391780151210837;0.0279430475503187;0.137690324929685;0.442229347865562;0.00590269466674394;0.0643604250625258;0.203647074943512;0.000549545114701437;0.150450641174721;0.195105717032304;0.0251986861354239;0.61650965139246;0.127212379347595;0.34175980114027;0.024254408550459;0.20504082974475;0.216605775510075;0.286305914318186;0.120636832820365
"Andira1";0.0671587624992372;0.0148088785008228;0.133921410635967;0.194586239700068;0.171474523267675;0.172952026103202;0;0.31940355119435;0.915957329831659;0.30828539903297;0.159187279769656;0.0372592306432251;0.180748128058156;0.129572885888528;0.15709620856603;0.107686880488977;0.0122381295526489;0.0990881082502081;0.0469092291992457;0.081321464944247;0.198523244850887;0.234690403733445;0.0946894492718817;0.0528282800652915;0.349995383311697;0.256802717623006;0.190455341780278;0.130189474882913;0.0462144556508758;0.0095427261513793;0.157128389829394;0.0103988692515508;0.186235284060532;0.0407107219741179;0.228387061207537;0.19540378230361;0.145336647659027;0.15521751709999;0.140673875705009;0.074467154027748;0.164569883131944;0.109527559218624;0.114742949638132;0.118859776266522;0.252944305738091;0.0846946864972478;0.206014094821367;0.200140358123781;0.148653766610367;0.98231025425799;0.00234048604240725;0.00772348128277614;0.105963696417671;0.111090494395191;0.0736153725042016;0.0281193143406672;0.192245678313273;0.264358328656484;0.141099520604971;0.103958061579612;0.071600956649711;0.0541627519096653;0.165896262840587;0.107107488291095;0.820191416664769;0.0319283965593672;0.232665792718254;0.0339253857064126;0.111488964685021;0.182933599260561;0.157209485994772;0.0919746906124533;0.173728726741108;0.0417078623807979;0.0192014053380443;0.116196482869148;0.105353440383071;0.229093861748383;0.218081050381831;0.208380824790872;0.0317833733381498;0.284269873475498;0.173207009040792;0.0980730078658869;0.0256033168462327;0.177929674032919;0.0141707620054357;0.0213905823471897;0.205576871309851;0.491099647599412;0.0461155455819796;0.169443095983972;0.141958142009146;0.0351487558230144;0.0388756311956198;0.119063028288723;0.0403767875927099
"Apaporis";0.388184207342441;0.304291878664566;0.459545433527227;0.495903520337569;0.483791422919859;0.484068325637153;0.31940355119435;0;0.836807673337421;0.010625701171204;0.481207896224446;0.273140042194373;0.495896443148588;0.445774960226429;0.473959055602199;0.432015311700179;0.338926614309015;0.421404387962108;0.259415330613426;0.394926197948587;0.517105383138311;0.0900423437635379;0.197592743927267;0.260431160894573;0.0163178631296659;0.0602896359769199;0.494145595483421;0.177154983012244;0.27472782436245;0.318705629897558;0.470516704268834;0.307114209497669;0.490738434819806;0.244747782149964;0.0882804942460687;0.493276308842974;0.453875987383372;0.473974308842532;0.150010803892881;0.389804180307191;0.471208013860053;0.435649356215182;0.441396219946056;0.437979430120735;0.541264212051142;0.402624029411944;0.515349691895278;0.503151804552785;0.461457665779835;0.964891929445931;0.332883619232517;0.331205453000268;0.189498811677301;0.214479611979472;0.399270869706879;0.347634921280974;0.50452910276135;0.550807611088584;0.458338871425813;0.428048222998235;0.402170133673411;0.26674392662723;0.482779133698907;0.19925147338772;0.694787338290402;0.354916447318238;0.525669251980254;0.354623920059248;0.432971566060545;0.489270186604316;0.163990915219055;0.192952583423828;0.488558548251608;0.369658841854811;0.347984261766174;0.447254990253466;0.428918588373089;0.521631535490621;0.514738335045554;0.506235699319627;0.362058252638451;0.0434621515558753;0.478807714127884;0.426179972080161;0.299723723583908;0.485260370895458;0.332254924585013;0.299677379468814;0.504205245305201;0.144510153549867;0.367226143601649;0.133355072971827;0.456576889681838;0.278325653577273;0.260186073410139;0.206094267723347;0.366501220548874
"Apurimac1";0.927343162024237;0.912994996754219;0.937061844768788;0.942552455223197;0.940701535284559;0.940855323706599;0.915957329831659;0.836807673337421;0;0.842596198509491;0.940312784622242;0.909311998776563;0.942507501436415;0.934857159297582;0.939215541506611;0.933005099438742;0.918167092642008;0.931150375797567;0.906107357743027;0.928546442732138;0.945609321856171;0.86701570632707;0.896427620717137;0.905639744640588;0.832350980309874;0.859941962870568;0.942247662839797;0.889695762165109;0.907373091606894;0.917818826115143;0.93869113646412;0.914012012063286;0.941857346653863;0.907015512161514;0.856508880812967;0.942678512444459;0.936928790558317;0.939447587159726;0.884953687107335;0.927919399321266;0.939095252079524;0.933856512096032;0.934222593080574;0.934455773094797;0.949050381817759;0.929665679970526;0.945355454710032;0.943577152596114;0.937738239991405;0.297327224375235;0.916402951286591;0.917506386493437;0.893751250439442;0.89572520181944;0.92844845837344;0.920948619551607;0.943860889880717;0.950383422696685;0.937117717693842;0.932106253983465;0.927825531923781;0.906294681562184;0.940549364691102;0.894233204598458;0.189740039127283;0.921792474668902;0.946840177185171;0.922256573112383;0.934009409178802;0.941522018358008;0.884533034130309;0.895359761608517;0.941738750543536;0.924013934738456;0.919304316455029;0.935165477388093;0.933155253004386;0.946448291099327;0.945266917460925;0.944134168862467;0.92157982793526;0.853802648107662;0.940138329895666;0.932432164644928;0.911124923406409;0.940922046428784;0.918464248370498;0.912077075570815;0.943836582100735;0.770252017792271;0.92416830905932;0.880177371041751;0.937740919727685;0.909366559222018;0.907625691892165;0.893228836952226;0.92318224670183
"Arinos";0.361968904036028;0.300742919808914;0.448413306693451;0.485183510304268;0.47258137456816;0.473202189008141;0.30828539903297;0.010625701171204;0.842596198509491;0;0.470155174997032;0.267916311047497;0.484445898757442;0.432915273154286;0.462808028355387;0.421780710397228;0.328177676448913;0.410242690216106;0.249699251611944;0.39411070620576;0.506231646193546;0.0790028032880407;0.212338178768329;0.244423926917266;0.0264346532233682;0.0493745462279836;0.483272468389203;0.164413087948813;0.268453910930825;0.309964004523654;0.458318250476255;0.303135996693111;0.480413940375012;0.268807932529048;0.0673487752354689;0.486221642282963;0.447702996413341;0.464356414031297;0.161220684721272;0.389252524040047;0.461802941454995;0.427669916268575;0.429839948360844;0.426976042234143;0.531086030117705;0.39162289600437;0.50437110988063;0.491445805736206;0.450925965502231;0.965863916224555;0.322711630213967;0.316783309736153;0.183930401324618;0.206889541620611;0.38479259098732;0.331007961962032;0.494045549704021;0.540778083570462;0.448716538151632;0.41437801671061;0.373468745640062;0.262311357771951;0.471099875505384;0.191835256503353;0.663193006418971;0.350997461056621;0.515043655717877;0.328758877046021;0.427403389972807;0.478328853090429;0.160564779610388;0.188817021080017;0.479802321262839;0.360675422295754;0.339708668238394;0.435421456092096;0.422273648499965;0.51247713372246;0.504160950666425;0.496263151259625;0.352296167760993;0.0304866246776493;0.468982831363437;0.416959874999836;0.289381280732917;0.473996309720458;0.317422201556881;0.281830507877993;0.494142012719208;0.189883825745;0.367491583897134;0.122929109038345;0.452859693748412;0.282796971844256;0.254218455052314;0.184525930906196;0.357820284441356
"Aripuana";0.0932279802167003;0.192408687580917;0.0264531164517335;0.0183576374502277;0.00314980090286498;0.00431515089659037;0.159187279769656;0.481207896224446;0.940312784622242;0.470155174997032;0;0.196166304180189;0.0182768417342424;0.040259474297825;0.00843082316268771;0.0564129667768122;0.159477972777673;0.0671341487258315;0.229977403723687;0.0855057087449109;0.0463676455925318;0.396565222812171;0.277538868806986;0.216780814021362;0.496188269490543;0.418077342969361;0.0149405916476085;0.305505447934628;0.222424557816609;0.156356623023111;0.012052826745749;0.181196116611717;0.0120676976626355;0.222641620215961;0.375647873709476;0.018897421687983;0.024937439672183;0.00681329174128308;0.329663994289266;0.0866863082183132;0.00939007718977813;0.0512492869590206;0.0475347506373426;0.0464000908787633;0.080013689552742;0.0764901893764051;0.0444242588338576;0.0268770375325966;0.0189986824286461;0.987561554315952;0.161398901682092;0.163502616521503;0.28711929877755;0.282528495518926;0.0869195606913384;0.130844430985664;0.0284244405052442;0.0931498760369085;0.0241276981724474;0.0587952183629401;0.0886109985280526;0.211353770090028;0.00190447344122116;0.286221741983833;0.897007019149847;0.131394453981946;0.0586455614916646;0.12979832730697;0.0491254299669188;0.00974278521336309;0.33150478306242;0.279581532607292;0.0116048561574449;0.122240105544793;0.150715902681152;0.0408626341574879;0.0552318682646528;0.0527743633547086;0.0432835429896944;0.0319479783461259;0.136749738972879;0.413269525130463;0.00137745697933651;0.0623149305734999;0.191976582954354;0.00483357153998082;0.144875416662957;0.181395864880088;0.0292184194529376;0.615955286119419;0.117691043371144;0.346021473024684;0.0200585114877674;0.204946301694582;0.223044258551375;0.285408645180838;0.12321304643253
"Bacaja";0.104428150405282;0.0176748553284373;0.167169884291767;0.23115109126278;0.209210270755119;0.203612909402062;0.0372592306432251;0.273140042194373;0.909311998776563;0.267916311047497;0.196166304180189;0;0.220111577266123;0.164343874635162;0.19500016769998;0.144878452174143;0.0478701402723244;0.140772949495472;0.0146178407175212;0.117292252951585;0.232809218806801;0.197302374727127;0.0548361348021872;0.0173036521119525;0.309995635828142;0.217616523656149;0.227914189383829;0.0905872960035202;0.00991684201996907;0.0439610177899891;0.197428935671491;0.0251828108656991;0.217760630859655;0.00953702152994732;0.188513847387127;0.228661520715208;0.1841204628645;0.191984945101113;0.102663841383892;0.108766595813673;0.196418858427563;0.146599199855214;0.149817733304427;0.15567091045023;0.288036983863971;0.122496771173846;0.244668369587657;0.233786561933738;0.184590122010585;0.980863165121434;0.0357220631528797;0.0405830951150396;0.0671749877662611;0.0688244658729476;0.107077670618463;0.0668529052713635;0.224017404851529;0.298429414816018;0.181344503336882;0.142581478193826;0.112154649675355;0.0158188997580059;0.203801480408106;0.069681260613487;0.806494733218958;0.0681624816864128;0.26566166712565;0.0696530256953391;0.150365581564197;0.22179118761415;0.113967229987685;0.0567495888668417;0.212863477370548;0.0722859876794313;0.0550107134683244;0.151686428945515;0.138140520304156;0.266324159804306;0.249904128323117;0.244278705207371;0.0688299913628821;0.24021485747133;0.20909843160468;0.136355552031036;0.00865855506731781;0.212746824781483;0.0521734094037407;0.0139148259836271;0.240744944948882;0.461055988667196;0.0792607934204559;0.130727548553427;0.182945425275331;0.000183080539782027;0.0074733500783726;0.080723027910047;0.0760412739630252
"Beni";0.115222664996676;0.207915024102478;0.0434445275271529;0.000361781594454961;0.0146870269082799;0.0129355105349753;0.180748128058156;0.495896443148588;0.942507501436415;0.484445898757442;0.0182768417342424;0.220111577266123;0;0.0596700365721629;0.0261184632648803;0.0741580506492641;0.177682950462765;0.0876614338825655;0.249073154479645;0.103973587326226;0.0265682439513456;0.412785139167581;0.293391454327067;0.237727304002085;0.510987878545977;0.434788600649899;0.00212572912580143;0.325745453129756;0.240361504375268;0.18277928022158;0.0308259372692811;0.204672571213987;0.00526598997045361;0.236757296795752;0.392264091688276;0.00138432801097183;0.0433676104201744;0.0254446152619869;0.34531590323143;0.106948412867457;0.0267819515883277;0.069385137124811;0.0647656515301536;0.0652074301420369;0.0615347240120309;0.0959011850397632;0.0261287032508251;0.00890228993950417;0.0369381581807112;0.988029637928611;0.180813036238699;0.183362982759194;0.306083222808696;0.299605272249696;0.102576569019349;0.153733857781565;0.0107032090161724;0.0736479682192623;0.0417596380114862;0.0765718376576642;0.109179793916793;0.233015224164746;0.0166431006903081;0.305651464721916;0.900712619290579;0.155257984743775;0.0383355362276612;0.147679374533834;0.0694435292637642;0.00802393508116864;0.345383358775291;0.297671028386978;0.00647220813840457;0.137533175037504;0.172906696771055;0.0592953530649299;0.0711929041199294;0.0343092200091458;0.0235890724320894;0.0135794183427761;0.158497050664826;0.42862948980026;0.0188767270508622;0.0825142078017586;0.211723165521712;0.0127287432228709;0.168195519186102;0.204378082768436;0.0111635635880574;0.628537244871331;0.135743927922154;0.364969384836222;0.0387594854550848;0.229098290142514;0.241032269407142;0.311046118103407;0.148742307162307
"Blanco_Baures";0.0492139557518196;0.139039600137177;0.0148595766544262;0.0602671517774459;0.0445556687272109;0.0453706193201885;0.129572885888528;0.445774960226429;0.934857159297582;0.432915273154286;0.040259474297825;0.164343874635162;0.0596700365721629;0;0.0311830367592554;0.0136545476787636;0.114756538604045;0.0269547858579139;0.180360061447467;0.0453263185069226;0.0819824622064532;0.356843882950469;0.231148188230897;0.183117237417048;0.461333288878875;0.377249917321282;0.0620357238915495;0.259195271258379;0.173392772551506;0.113388965244682;0.0305553509210404;0.139584459286565;0.0533178146807627;0.167885071910093;0.360724991277939;0.0602830842166329;0.016023556241852;0.0326240137607425;0.284500315852928;0.0479087536156117;0.0312878712853572;0.00704488105141177;0.0042712248732835;0.002750022097508;0.125856057095661;0.0388387697533448;0.0842716927870956;0.0725413125854158;0.0226799805471892;0.986394352657914;0.122941687071103;0.116426164457695;0.241762434628654;0.238830796898131;0.0424866986358016;0.0972515388008722;0.0664723605744184;0.139210197418245;0.0166951396965979;0.019445155112982;0.0498706491394586;0.184965304486087;0.043119020742778;0.234951837135881;0.887821938658275;0.0883377701050611;0.104267828886809;0.0826437828078971;0.00551433670256154;0.0518355050040387;0.285049948084889;0.228707157705035;0.0504933990179927;0.0669249489089127;0.109174994757149;0.00200537685263344;0.0111879127379041;0.0940957039564332;0.0892781178706199;0.0734292835206784;0.0930089234127912;0.40126283137963;0.0400306748535446;0.0168824812422845;0.15537000187282;0.0472944777405248;0.112628569168173;0.15396495139026;0.0710246778539911;0.584824350939326;0.0691737273841145;0.298420993633832;0.0194765912736683;0.162570717643685;0.163375826720255;0.250519835694065;0.0824235144622344
"Branco";0.0856215204943437;0.180699556632907;0.0166348497063894;0.0277697933119786;0.0121708202109356;0.0131987272710583;0.15709620856603;0.473959055602199;0.939215541506611;0.462808028355387;0.00843082316268771;0.19500016769998;0.0261184632648803;0.0311830367592554;0;0.0458159784137961;0.147967455441073;0.0593909865940817;0.202561061061666;0.0771628045018968;0.0530537982299892;0.38775646485908;0.268439566540735;0.216849990080185;0.488891824627123;0.403955330524374;0.0232772589611284;0.29268651918245;0.210754647162168;0.13478710267523;0.00376982575735346;0.170985641818833;0.0220252279164777;0.215739062480603;0.38716339588957;0.0287207143132972;0.0159594719305568;0.00180857212400174;0.321384374334155;0.0845517716832538;0.00094321120196741;0.0395972614524358;0.0394374885480335;0.033760805635939;0.0900901971307882;0.0669952698861653;0.0504740759252815;0.0360190283980437;0.0104757727376036;0.987327222661253;0.160233922246252;0.14484523489214;0.276089816042615;0.27269891904988;0.0762072373332635;0.115923495582421;0.0388260249427525;0.103194396501191;0.0155954111616232;0.0512010780390639;0.0794522804141018;0.213599735186987;0.00993219312503029;0.271116604902616;0.895156693304648;0.120360146684103;0.065852566514841;0.117418851081538;0.0396877762635461;0.018994899150038;0.320197528301845;0.271571495009806;0.0204125470531377;0.1120082641538;0.137997178637523;0.0313651364174618;0.0471979705951047;0.0644839420620082;0.0511924307017751;0.0425256719474961;0.126011234395604;0.430496999938643;0.00734861293258068;0.0496747138469304;0.190874226461365;0.0138061342374442;0.136016311704138;0.181981858273307;0.0394817915225369;0.610740453448567;0.113954581001958;0.332464539477299;0.0116658084091866;0.196278614535166;0.20345043041941;0.276563962117467;0.106226878847058
"Candeias";0.0351154509705318;0.130959942660641;0.0282440601405807;0.0742781477142056;0.0601958602443329;0.0600743294701373;0.107686880488977;0.432015311700179;0.933005099438742;0.421780710397228;0.0564129667768122;0.144878452174143;0.0741580506492641;0.0136545476787636;0.0458159784137961;0;0.100500178477587;0.0128254035384939;0.17186832108495;0.0309618144442866;0.100227666306063;0.344619173523878;0.217714506314864;0.166156155975518;0.45021274504255;0.364298984712987;0.0752907122654598;0.2486013126857;0.160540275379217;0.0982116504221523;0.0435574303002891;0.12039864209258;0.0665169713016423;0.160181164511731;0.34244835702366;0.0736425291748224;0.0292584668729393;0.0460645618621065;0.275553832507053;0.0334112912845449;0.0439104327329179;0.0062196657827144;0.00848422299028968;0.00977858135624854;0.140093402692374;0.0237592223411624;0.0991109276361876;0.0861502669058707;0.0357055769549363;0.985996929555895;0.108275587375339;0.103677936879595;0.229456233136563;0.224107792582993;0.0298275136742515;0.0787880649169809;0.0826549946680373;0.153359659480356;0.0315491583866059;0.00616192220918244;0.0354086115519634;0.164304949074818;0.0565353495061979;0.227811019855979;0.884712311475484;0.0732443829458051;0.118457505913691;0.0699782135363461;0.00654760379021157;0.065677028970209;0.275242512882827;0.221130161042639;0.0647383109294537;0.0562925304437799;0.0911202432348644;0.0146934882997062;0.00101859576800532;0.108345297142202;0.102871225435689;0.0875555640667016;0.0761805780323788;0.383828629647391;0.0534236571754858;0.00382957442664183;0.140051746729507;0.0612659102594648;0.0929582766870237;0.131073445728282;0.0850169353626948;0.57840204265051;0.0569863273308709;0.289060691624873;0.0324186502898105;0.145109573619347;0.154471810250133;0.22811496709902;0.0659597836059382
"Canuma";0.054606022276457;0.0290145809681674;0.13099124757046;0.180687129806293;0.165300973199972;0.164552899940937;0.0122381295526489;0.338926614309015;0.918167092642008;0.328177676448913;0.159477972777673;0.0478701402723244;0.177682950462765;0.114756538604045;0.147967455441073;0.100500178477587;0;0.0866332310162191;0.0631623226066723;0.0679924139694038;0.201837997659051;0.2479789469333;0.115460151382319;0.0647502031003444;0.361721087904222;0.265815259784143;0.177598174539552;0.145420031644928;0.0598883962686796;0.00183791054952963;0.145116485477994;0.0235880006423009;0.173182058528586;0.0563093775197864;0.237543768997807;0.181111051513818;0.130574293566345;0.151088680997725;0.168929876269608;0.0597409802752901;0.146598366944179;0.107193752758212;0.108260561807282;0.108450407306467;0.239251992790388;0.0734800276402125;0.203213379078904;0.186518261750391;0.135864323988466;0.982791047021008;0.00969671785533549;0.00355715724615992;0.123681178015893;0.12415402227539;0.0621568061805651;0.0151031469538536;0.186001338006591;0.25289683926736;0.134308214739263;0.0909280496945701;0.0606613007054705;0.0644300796137489;0.159254296505889;0.125477241740117;0.859953353254245;0.0210198414243677;0.219477451343876;0.02256920029972;0.105292899969703;0.171567421063595;0.174578876245407;0.113961031468734;0.171222061659257;0.032615319964098;0.0067531462473249;0.113549197618034;0.0981423135960721;0.215405871792123;0.204411456525084;0.194349186492503;0.0204109951530652;0.282177009750709;0.159009016371412;0.0929022842119956;0.0381692952128295;0.16692940572668;0.00161956802522803;0.0332102614717048;0.191198904098825;0.501292056115843;0.0347415741955373;0.186213320207945;0.13352545701574;0.048756882704924;0.0535084389477732;0.131423666438366;0.0288381215822003
"Caqueta1";0.0240125421885136;0.113768186394398;0.041306525841055;0.0917880672444985;0.0741439893956138;0.0725242316281159;0.0990881082502081;0.421404387962108;0.931150375797567;0.410242690216106;0.0671341487258315;0.140772949495472;0.0876614338825655;0.0269547858579139;0.0593909865940817;0.0128254035384939;0.0866332310162191;0;0.150417953812908;0.017905241515812;0.110109482379533;0.332678293204039;0.20513401545042;0.155766523122979;0.438746352723394;0.353382432632029;0.0890242177718286;0.231910614650273;0.150071458443934;0.0811967718537091;0.0583449825553888;0.113642732403632;0.0835568274068711;0.144612134477602;0.329053989496445;0.0896753194752087;0.0420170361469315;0.0615910627711386;0.258201737090413;0.0217363211431127;0.0592364748065025;0.0186328346117425;0.0210636244355036;0.0216732715208498;0.153311978300248;0.00990677805280561;0.112513831094073;0.0978906800312403;0.0478448726433609;0.985598330706657;0.0966885940130764;0.0868929650469732;0.215513686063558;0.212713902354042;0.0161001357960874;0.0646498223039692;0.0963321115769143;0.165789951895526;0.0447091243633043;0.00644620472523065;0.0223642167212092;0.154731398800677;0.0693190898992966;0.215079919424106;0.881602513444282;0.0628282113466491;0.130998104169049;0.0534765294985616;0.0193778231784947;0.0832352749711864;0.257654323153863;0.205627905653569;0.0811169023684363;0.0427030336365489;0.0795699160192132;0.027356747526827;0.0131611657216775;0.128308971012666;0.115567380406196;0.106349156773642;0.0662776444340775;0.375310200281937;0.0693907857958023;0.00835032474685262;0.128308233581916;0.0759960507182806;0.0843977400955288;0.124168365082313;0.102863415711127;0.568382031312472;0.0435509265632564;0.276133861101045;0.0470640778770751;0.139339902946902;0.133735928828666;0.225121368265554;0.0507027045137097
"Chapare";0.108227939656548;0.0336065917622457;0.189223478829241;0.234339925357247;0.225412533574344;0.219712050273984;0.0469092291992457;0.259415330613426;0.906107357743027;0.249699251611944;0.229977403723687;0.0146178407175212;0.249073154479645;0.180360061447467;0.202561061061666;0.17186832108495;0.0631623226066723;0.150417953812908;0;0.12836833201855;0.274999469195929;0.175442724195486;0.0393883804317614;0.000963820322514995;0.287083792115838;0.197270489690767;0.246331971898882;0.076647793949039;0.00602498996207748;0.0648783763361277;0.216689426487508;0.038191622404626;0.222932792827856;0.00361730113867665;0.155714544916157;0.234071718220816;0.198420306808435;0.208963382096138;0.0907119671455551;0.113018312081901;0.197358085330559;0.178135096734468;0.169297179528358;0.179622455828723;0.306607842069359;0.141637013487808;0.273678451384334;0.253519339337563;0.201857786413252;0.980156436801634;0.0521450515004359;0.0634665647608671;0.0554299542056399;0.0475379013934254;0.125546343713711;0.079016107238721;0.241468864575302;0.317156944076171;0.20128096972122;0.152114929162677;0.125894098841204;0.000820200085054712;0.229727997571925;0.0568575723253859;0.808940031542406;0.0868414358807653;0.28343517790302;0.0885088098912352;0.168135758001945;0.228115519044822;0.098890437529325;0.0468987530568905;0.231891058826146;0.0913256953731162;0.0720275311226322;0.176456185679786;0.15821134729685;0.269745002612547;0.267090978089955;0.247953124399491;0.0831399790179824;0.189571743667966;0.213110863068526;0.160617970610336;0.0241322451090548;0.222574831580686;0.0643189060292833;0.0258146041335902;0.24514248171;0.442931795779049;0.0918715632410564;0.121175716778874;0.18827347330547;0.0150292215454686;0.00722974203754706;0.0557750894516919;0.0984543629428245
"Coari";0.00744861974379396;0.0967693709668438;0.0597080656300611;0.111935400067681;0.0918586882265539;0.0942673229449306;0.081321464944247;0.394926197948587;0.928546442732138;0.39411070620576;0.0855057087449109;0.117292252951585;0.103973587326226;0.0453263185069226;0.0771628045018968;0.0309618144442866;0.0679924139694038;0.017905241515812;0.12836833201855;0;0.127794388358874;0.312359283466937;0.185423384560603;0.129831701499589;0.422895082094721;0.331440509037145;0.106651683743982;0.211237742319779;0.124691547180023;0.0625236751238563;0.0746380894425254;0.0904401165796237;0.103899926611805;0.123036325135642;0.306637139941209;0.113343146658466;0.0621100497693502;0.078812883903409;0.243658650506675;0.00402872807069694;0.0796048871341376;0.0359990185236867;0.0388504058208938;0.0389524761964908;0.172636311621655;0.00731985709473866;0.130118133974619;0.118337379625041;0.0676986913835162;0.985037696318584;0.0752766782483466;0.0650335309663595;0.191473256113061;0.191687265093007;0.000589817767198457;0.0456023522661373;0.116442755908422;0.184172428253081;0.0626467138585479;0.0233511502383981;0.0044249672759976;0.137880029943554;0.0874194215547051;0.190472174959193;0.877243770121736;0.0420135592933401;0.151209584265544;0.0364543827765287;0.0366450802506777;0.100748425992891;0.244316987071102;0.182329128273144;0.0978412039736751;0.0267371261838422;0.0603592568430317;0.0440263901320276;0.0317095028150594;0.1477252651567;0.13667499340319;0.126129934520999;0.0445778691752309;0.352039453941959;0.0898803180754418;0.0250978407601344;0.10573228503813;0.0955131005601314;0.0616256661207464;0.103281501449351;0.123648065324875;0.55190295074931;0.0268428213425879;0.249471735517028;0.0636932643502524;0.116384772811832;0.114448300921528;0.201259573762531;0.0323827452108884
"Curaray";0.136931866374888;0.23697432334815;0.0736969137053001;0.0253713213779663;0.0413844736290641;0.0400932794836906;0.198523244850887;0.517105383138311;0.945609321856171;0.506231646193546;0.0463676455925318;0.232809218806801;0.0265682439513456;0.0819824622064532;0.0530537982299892;0.100227666306063;0.201837997659051;0.110109482379533;0.274999469195929;0.127794388358874;0;0.436169720942575;0.321228336041529;0.253294401234606;0.531760784482699;0.457800700609703;0.026522039773057;0.351860351722983;0.265346449808092;0.198409745782765;0.0538316000723293;0.222186680568844;0.0310732729529315;0.270615540718848;0.408290751267856;0.0242354127060336;0.0659723991710955;0.0528670281444034;0.371422122666289;0.130692305011427;0.0529449669295352;0.0977679784965442;0.0932677595688167;0.0909812787747563;0.0312644772967476;0.118159029061576;0.00220199605149603;0.0166481262764025;0.0610913230871071;0.988689759847692;0.208056909742691;0.212251362184798;0.334679802740632;0.321276290103615;0.129233778186996;0.169764098785561;0.0154690415761376;0.0434365543724503;0.0671127780238468;0.0999082157151334;0.12986428560726;0.247424459348652;0.0423272119490283;0.332607012366137;0.905960182838832;0.178873500176137;0.0106160152745528;0.174373303560456;0.095876468428482;0.0340697667428431;0.373166065660943;0.32731968431938;0.0332919628989286;0.170753039376197;0.193095169523366;0.0886493449381676;0.101720524966184;0.00720766913588714;0.00286692000460158;0.0123811447858404;0.179331322349483;0.449054907540095;0.0450316465945228;0.106870521456955;0.237046908857576;0.0384884275154766;0.182864409043426;0.219801563637602;0.0148871466488338;0.645486847466789;0.161929162944205;0.390152779056667;0.0661407098757414;0.244725238921355;0.267867298041401;0.323252609453463;0.168001721512852
"Curua";0.292211689431693;0.217148736433657;0.372848327623079;0.412684830409593;0.399567042990151;0.397866338406443;0.234690403733445;0.0900423437635379;0.86701570632707;0.0790028032880407;0.396565222812171;0.197302374727127;0.412785139167581;0.356843882950469;0.38775646485908;0.344619173523878;0.2479789469333;0.332678293204039;0.175442724195486;0.312359283466937;0.436169720942575;0;0.109621711376088;0.16969356676019;0.114469690001017;0.0236293599487007;0.410946722082184;0.0916707611531244;0.188014890703232;0.239196709839151;0.384858916624995;0.223141626055091;0.404994790486587;0.15851162737076;0.00232804827316333;0.412545905422208;0.372212241809488;0.389674917028258;0.064399947484987;0.303519277951948;0.385583081323205;0.350761578742;0.352041413973903;0.354008131713052;0.462657209858849;0.320350854025992;0.434276749270648;0.41926644758275;0.375864338427143;0.971432699318507;0.237099152349242;0.244650924057072;0.105011188158625;0.122418004837021;0.306935332978191;0.260393391279921;0.422794135311803;0.473393221119268;0.373632180887569;0.337812215949918;0.308408503775946;0.172959957736617;0.397094017071419;0.116259292130034;0.744384450037171;0.270750681109503;0.445361872455191;0.270262023896542;0.351691422319299;0.405617596921148;0.0701485819008418;0.111272748421906;0.406557725887632;0.278227618240571;0.255996684351289;0.357441160926166;0.342552587091188;0.442692355572459;0.432287627059471;0.425013130716606;0.270493822643851;0.0400226697726077;0.395466856092269;0.337804399189399;0.203733383666411;0.40033150288179;0.244178117373354;0.201086978608617;0.422837758425531;0.27807062147948;0.280413613498495;0.0496731768135906;0.377430051104977;0.191810826515806;0.18208620268978;0.106278662062257;0.277705365271631
