"","Abuna","Amazon1","Amazon2","Amazon5","Amazon8","Amazon9","Andira1","Apaporis","Apurimac1","Arinos","Aripuana","Bacaja","Beni","Blanco_Baures","Branco","Candeias","Canuma","Caqueta1","Chapare","Coari","Curaray","Curua","Curua_Una","Demini","Fresco","Grande","Guapore","Huallaga","Iriri","Isiboro","Itonamas","Jamanxim","Japura1","Jari","Jatapu","Javary1","Jiparana","Jurua1","Juruena1","Jutai","Luna","Madera1","Madera2","Madera3","Madera4","Madera6","Madre_Dios","Mamore1","Mamore2","Mantaro","Maranon1","Maranon3","Maranon5","Marmelos","Maues","Napo1","Napo2","Negro1","Negro2","Negro3","Negro5","Nhamunda","Orthon","Pachitea","Paru_Este","Pastaza","Purus1","Purus2","Purus3","Putumayo","Roosevelt","Santiago","Solimoes1","Solimoes2","Solimoes3","Solimoes4","Solimoes7","Solimoes8","Solimoes9","Tapajos1","Tapajos2","Tapaua","Tefe","Teles_Pires","Tigre","Trombetas1","Uatuma1","Uaupes","Ucayali1","Ucayali2","Unini","Urubamba","Xingu1","Xingu3","Xingu4","Xingu6","Yacuma"
"Abuna",0,0.00480831399120339,0.0546409534376787,0.0912209068027044,0.0845661572061143,0.0880451044501923,0.0404184710448124,0.208917347348706,0.727465904473202,0.0711387268616606,0.0566425592634509,0.0365683700687941,0.037631627801631,0.0676156694890349,0.0645718530305432,0.0614040504938568,0.019581713349826,0.053848860603662,0.0431769103691865,0.0547658662623544,0.0535088243496099,0.120801260994157,0.0297404759833538,0.0391175452407419,0.184751234469674,0.165744782737718,0.0983060851611587,0.0369623739116397,0.0166997428449431,0.0108883797799054,0.0839425049415288,0.0229849474281714,0.0888512258213207,0.0041090499312303,0.0971748210263451,0.102782987822238,0.0685121298351831,0.0479543104928688,0.05435146308389,0.0516820719844766,0.0984502633792151,0.0524233325573111,0.056610619016146,0.0322192412308682,0.0999428602208181,0.030067739464886,0.0479731070383167,0.062039226704674,0.0646829090932668,0.887540357172303,0.0500453497316535,0.0112123096034262,0.0246740931663137,0.0454825347662521,0.0480180467795084,0.0299461612234618,0.0986874744771105,0.131544918073369,0.0699207077769939,0.0629522691638,0.0457489527746625,0.0132650610242995,0.0378433554488426,0.0299998183782695,0.746330961974459,0.00483465464782262,0.105867315062554,0.0333520878387541,0.0170561048834392,0.0784820116230089,0.0286321958336988,0.0811560689679329,0.0577763457705933,0.004259246369806,0.0101123406684323,0.0418567858191616,0.0437881648652056,0.108256735392276,0.0930169290012599,0.0955754629242878,0.00381804029882426,0.117431824287761,0.0706967938248149,0.00072027002825396,0.0441609615510635,0.0796139284580952,0.0460381407560137,0.0285298872221399,0.0949076030666007,0.206492878621139,0.0474769391606393,0.101382488535484,0.0479654953071258,0.010038097050404,0.0428924585086911,0.0750550134688254,0.00238351603556224
"Amazon1",0.00480831399120339,0,0.0644607902766832,0.0981786515994597,0.0900755597358372,0.0918448237404876,0.0440158665993242,0.200369013763264,0.724768705354669,0.0735362662960504,0.0664139779719995,0.0301104065162569,0.0447824294352541,0.0694247693574552,0.0716755046297308,0.0678910605492431,0.0256048243524713,0.0580785944544161,0.0429447659515623,0.0619957083973806,0.0612033241479387,0.122312216521319,0.0382124546121959,0.0448974781756894,0.177781033856083,0.151281999999781,0.102493178843356,0.0334664632356522,0.0118492009806953,0.00620744419348514,0.0857673680662808,0.0186003008770211,0.0921592762388545,0.00986801255408678,0.080193828607084,0.106924093211058,0.0712729165798205,0.0555962013406073,0.0536409370309742,0.0563975385651341,0.103109061189567,0.0617646269314243,0.0631569461307073,0.0386225719797984,0.103984367427305,0.0354542940316669,0.0556638328872777,0.0680813089178613,0.0666600008730478,0.8863231231261,0.0531695757531444,0.00623824654576758,0.0200032995339776,0.0418244369328769,0.0543373411002232,0.0341272558412179,0.101801901507564,0.138446506809089,0.0767765790416441,0.0688563299512216,0.047435913990048,0.00854581570592661,0.0450359383110497,0.0271520019839434,0.743792774838795,0.0101313301195126,0.111505238793459,0.0371083105644452,0.0233461421497042,0.0827642616759712,0.0270244329109891,0.0821882942923529,0.0667377821590925,0.0100523340853317,0.0158681208059031,0.0502286258895051,0.0514213930816748,0.113891665112199,0.0983187839440875,0.102729577043322,0.00937884392922028,0.0966983063211443,0.0744480037874091,0.0060648648142983,0.0479212545172021,0.08690703710365,0.0496379565826605,0.0206919033665351,0.0995722126477818,0.206867643393541,0.0535180771143138,0.10300596184838,0.0564032020083677,0.00538488073933734,0.0429163388589635,0.0698403141385277,0.00274417499078886
"Amazon2",0.0546409534376787,0.0644607902766832,0,0.0333679792904373,0.0262093437397164,0.0292691290093778,0.014594475739227,0.267335542049661,0.754003101444187,0.138049754362427,0.00195175672211325,0.0920507770282017,0.0179078017488833,0.00889236796118501,0.00879833312082397,0.00460613023723816,0.0367240665947575,0.00294493269140592,0.109046113080515,0.00100114778761214,0.00167264353258657,0.185574132220499,0.02560252003335,0.0151668052532398,0.244610359738797,0.221650293240107,0.039041763601286,0.099175227524771,0.0773661533315704,0.0707886695825548,0.0242302851007509,0.0843350490032669,0.0294395099185599,0.0540559894739647,0.143727818264316,0.0437347953903377,0.00953146373115183,0.00728948852808921,0.119184301039284,0.0046205566552603,0.0396480072737259,0.00258265610404256,0.000432267145114354,0.0240945654892226,0.0407004772399854,0.0239728846229578,0.00728828016104521,0.00611519564267922,0.00650131454468843,0.899398498954062,0.00700551395794814,0.0707525161264703,0.0854403386522349,0.107938220829386,0.00771156699080517,0.0254366103340045,0.0391077509668434,0.074367779030539,0.0126849625344182,0.00683357109320852,0.0110791103992644,0.0690827342800748,0.0178845936220205,0.0925954296507503,0.771274449101708,0.0526212224453655,0.0473850387087846,0.0223750595258878,0.0395575159914438,0.0198632809322931,0.0918155024994265,0.148677018506231,0.0029398706049623,0.0540112884801856,0.0476657155789958,0.0133481241171412,0.0105560449392739,0.0497964578583225,0.0348442677553157,0.0379246226668588,0.0544607920244073,0.16164754929345,0.0126749995096848,0.0575512217926616,0.0121318749155479,0.0221838626779255,0.0107127428574727,0.0807282916128919,0.036108219563528,0.26825448816483,0.00764710595733294,0.169551091837235,0.00690092400876008,0.0697955217574891,0.107240708436436,0.135740121507701,0.0607451709262136
"Amazon5",0.0912209068027044,0.0981786515994597,0.0333679792904373,0,0.00715918814241029,0.00381884186828231,0.05014755191957,0.298681595448372,0.768333852500343,0.171310288146995,0.031325561622313,0.130746921066039,0.0511882555874549,0.0243257179041703,0.0243289706388768,0.0291461302748474,0.0713730166703608,0.0369946456849955,0.142581343101616,0.0351422979113129,0.0346466527241106,0.21826050916872,0.0591204194009544,0.0506736517889779,0.276373532247845,0.253120953915127,0.00561637937774687,0.133357258289234,0.110497512554221,0.104877970089391,0.00834927842438751,0.117580064473463,0.00371684317352818,0.0876036690983525,0.191319808992838,0.0101064124388695,0.0233248206177688,0.0401936359463452,0.152615873175143,0.0389030261466627,0.00621285883100995,0.0360832215722495,0.0335309586606428,0.0569525741355854,0.00726962545838941,0.0596783918121774,0.0403925561977621,0.027281833266688,0.0262214233954797,0.905714429450196,0.0412604179895049,0.104954290106191,0.11947291420336,0.141484154068304,0.0422768336016433,0.0614680243797206,0.0060264805580117,0.0406892387096297,0.020527752268345,0.0265018174723441,0.0459352193361923,0.107691909516465,0.0509490690346174,0.126793588964388,0.784722534197121,0.0850054988116504,0.0133403966547844,0.0582885972049893,0.0736447034221126,0.0133532437908165,0.125489173555536,0.182747088512115,0.0299872276152615,0.0876215848080082,0.0815993918939037,0.04636161681441,0.0453679260642767,0.0157570111732276,0.00138439040093962,0.00446354681618151,0.0878756284200779,0.211996966979707,0.0204410643560448,0.091349098153127,0.046758468858859,0.0110090983338811,0.045594466928421,0.122425993278495,0.00296567686552079,0.299582954359466,0.0420595320458863,0.203028724010876,0.0401491330588902,0.103550058546698,0.140792524922091,0.169532972029726,0.0933972837270761
"Amazon8",0.0845661572061143,0.0900755597358372,0.0262093437397164,0.00715918814241029,0,0.00325817545435026,0.0419375558910897,0.292070670681517,0.765350159413025,0.164271354524356,0.0241349082628615,0.123650806933749,0.0438811531523189,0.0168463319174816,0.0173557106485046,0.0213717714796462,0.0641924052021042,0.0299892341500592,0.133528455628447,0.0271356034688294,0.0275650268034491,0.211351861054545,0.0516445500562853,0.0429142552034016,0.269670578696758,0.246607738634361,0.0127719422244096,0.126239378707621,0.10337980558512,0.0964277408099221,0.00127343699401755,0.110461332201039,0.00335568479058771,0.0804415179209221,0.184332480590506,0.0172529266537032,0.0159681134370559,0.0335718163426163,0.145775922148154,0.0317033401620458,0.0133678354262679,0.0288647069038652,0.0263094081742424,0.0497345547171304,0.0144131245336861,0.0514194399201319,0.0331397802562217,0.0195278775064384,0.0187902175127339,0.904404448045039,0.0342419418051787,0.0964862534387577,0.112337242290069,0.134379102356073,0.0341576384008587,0.0528341230771539,0.0131004562529391,0.0479178718929186,0.0133310057111368,0.0189518101914401,0.0383585159089323,0.10052756493366,0.0436678406641647,0.119663777327088,0.781923885208131,0.0789996024842801,0.0205617403329724,0.0497419840097645,0.0665587406537391,0.00625006670955981,0.116878365805793,0.175740114243787,0.0232699870071573,0.0796060859677392,0.0744006082948007,0.0397684273405416,0.0371192706068396,0.022984272222088,0.00852041539541427,0.0115708144566117,0.0807244871412254,0.205069083985098,0.0128782822345076,0.0830539779513869,0.039764045230291,0.00371220171342322,0.0383643812960456,0.11528546237925,0.0100501049542206,0.292975900496788,0.0351083990134087,0.196076640348027,0.0334401263196474,0.0964086324508334,0.13255401011523,0.162489736173287,0.0859010745693013
"Amazon9",0.0880451044501923,0.0918448237404876,0.0292691290093778,0.00381884186828231,0.00325817545435026,0,0.0457618085458178,0.295134165896815,0.766735333309947,0.166408288781411,0.0271349965526855,0.126585414453586,0.0479456023851082,0.0205671770126185,0.0200971155386125,0.0249233415065229,0.0667226811976444,0.0332576484029208,0.138768094483895,0.0308288480736184,0.0311652183219653,0.214474848162015,0.0543219186834787,0.0462281607656289,0.272776450087083,0.249935776767712,0.00947219630172801,0.128658610653734,0.105430138947338,0.101030296161038,0.00460499013732845,0.112215512285673,5.0735266922708e-05,0.0825161154937577,0.187569047421166,0.0141090385387913,0.0196651242066126,0.036554667729589,0.148024592920377,0.0345049081629981,0.0101466086548971,0.0318753328515396,0.0293545659332544,0.053900465036631,0.0111997932209129,0.056147423850577,0.0369851755050246,0.0234119729503145,0.0227334532014908,0.905012930630829,0.03738291995949,0.100934324959714,0.115063997975671,0.136258021507277,0.0379628564779172,0.0574719341340026,0.00999926558387258,0.0443869932752231,0.0164355450705382,0.0224545286904865,0.0421802826600455,0.102108302374233,0.047837499546277,0.122068677948985,0.783223235823295,0.0822211560736032,0.0172207291359508,0.0544106880766891,0.0695998636686861,0.00945682460305013,0.120623807873227,0.177137275439079,0.0259976477024415,0.0840540821930146,0.0770524205624185,0.0421615593762656,0.0410127791447685,0.0196415354677908,0.00525868740081875,0.00822799568051323,0.0829744840577213,0.208278373747282,0.0164960207204822,0.0877232971587776,0.0431022569432259,0.00693129531682399,0.0413725972472874,0.11824970488853,0.0068503119968817,0.296037612688128,0.0378671208367697,0.198819785043566,0.0359827084777558,0.0981012489124177,0.135992407251268,0.165588972782159,0.0907783896229038
"Andira1",0.0404184710448124,0.0440158665993242,0.014594475739227,0.05014755191957,0.0419375558910897,0.0457618085458178,0,0.245016877552919,0.746966984631162,0.115461853160453,0.0163711325501013,0.0808698828825547,0.00184546099804701,0.0252834628406604,0.0241901296925772,0.0200174239476565,0.0201391790397272,0.0121706633693787,0.0842710582202876,0.0141691748747791,0.0130608257435385,0.169973354747366,0.00851523699031352,0.000498765313520845,0.223769192177923,0.205319764571391,0.0556700330028655,0.0798863027193757,0.0604676230781395,0.051216866415712,0.0410720467832308,0.0674948856641355,0.0450480938451413,0.0353079774434338,0.139381164285637,0.0601852774291035,0.0254352527409896,0.00779666684863432,0.0970857394189456,0.0107018790888443,0.0562984043517094,0.012225107145445,0.0157465332155871,0.00728694758136389,0.0573329186505574,0.00903892872088313,0.00782635889238525,0.021875973831899,0.0223299905190275,0.896275121149687,0.00808342368255949,0.05286203175224,0.0665301499457896,0.0919892737697277,0.00735897771354709,0.0109114243098603,0.0559440704473165,0.0906518187015213,0.0278566048280077,0.0228424239155434,0.00380050584969248,0.0540524791719642,0.00169163913619429,0.0707896981445823,0.764666055138024,0.0339305043178195,0.0634455042784999,0.00777565907068272,0.0217812580542846,0.035740489603222,0.0698364021968511,0.127196395113318,0.0172283681536831,0.0353554942815149,0.0297407462701688,0.00233885265478388,0.00432980995212891,0.0658525280361658,0.051413709343889,0.0545989051188942,0.0360637243943006,0.163588545980393,0.0294449847340278,0.0393884306611675,0.00277583872041476,0.0386443519497508,0.00436057759316928,0.072119046489866,0.0525181057733018,0.253239914758469,0.00733364799722637,0.148134784783961,0.00824489980389599,0.0505854458200015,0.0873176230744769,0.116611413880072,0.0415503461525304
"Apaporis",0.208917347348706,0.200369013763264,0.267335542049661,0.298681595448372,0.292070670681517,0.295134165896815,0.245016877552919,0,0.60510385176565,0.121782262913447,0.26915598168155,0.160182673729819,0.250349863013812,0.276182785171307,0.276040927304018,0.269264130942726,0.229231364686342,0.263247790290766,0.149926970616916,0.25877086561502,0.265744254303816,0.0763177354742879,0.243398957312846,0.251819301094783,0.0212872797090446,0.0386545644991962,0.303864477490979,0.165028202510072,0.184149297558586,0.194975914173355,0.290851221707034,0.179014354384878,0.295141942710826,0.209233609916127,0.109730408176124,0.307963855751557,0.274091585812037,0.260139998708151,0.140540695092637,0.262461412766552,0.304420302842832,0.263060236719005,0.26773300496956,0.244817164614363,0.305364111216964,0.23934949352106,0.260422262638056,0.273511954891756,0.271590323452835,0.832144851220288,0.259154614417129,0.195336053042638,0.178648955218531,0.155791916727655,0.257030818423612,0.234813935344841,0.304272100046574,0.335295940104062,0.276927369966601,0.274192755465587,0.256021394027581,0.188327623364762,0.250534508101215,0.163990551154701,0.632542296655665,0.210168501004828,0.31078366496923,0.242076957833705,0.226834117625897,0.286337488788536,0.171416920486828,0.107934010053296,0.270106096520847,0.212847873801931,0.222249313554087,0.254503426658361,0.249456041169789,0.312965687058507,0.299957309556246,0.302741558645677,0.211762309133253,0.0831891090068363,0.279858556376363,0.207375761100508,0.253856834870878,0.28862154682992,0.255473186359746,0.179629032544395,0.301435551786245,0.000772939545152049,0.25942718460663,0.0878185714059933,0.260514041931421,0.191564774860461,0.155188889968956,0.129139304663161,0.204139393579491
"Apurimac1",0.727465904473202,0.724768705354669,0.754003101444187,0.768333852500343,0.765350159413025,0.766735333309947,0.746966984631162,0.60510385176565,0,0.687516946851828,0.754848235011584,0.708523139094375,0.746052203726084,0.758095350080809,0.75803003245044,0.756119877499364,0.737267699078602,0.752632052568573,0.702734706099619,0.753537842797993,0.75326302882582,0.660877232823,0.74273869097819,0.746733742910915,0.623571987882722,0.638204439880129,0.770658842580925,0.707438445391752,0.718553263824586,0.721584569668264,0.764797557104703,0.715143214580802,0.766756852389403,0.729688016123629,0.676450577778667,0.772489023442495,0.758368585482219,0.750786934311336,0.697380745725261,0.751825568652349,0.770907444724938,0.752875813364975,0.754204568599044,0.74341406170552,0.771329253424211,0.742554267083741,0.750778887492238,0.756863957006109,0.757066629358722,0.305170241157249,0.750711687839844,0.72154295479506,0.714418925213554,0.703303789283054,0.750369733311888,0.741902782732584,0.770841172449283,0.78449741175245,0.759684217185309,0.757178168055124,0.74871416734725,0.720236735902886,0.746126469862636,0.710758304229311,0.029687281807917,0.729995587405532,0.77374347268166,0.743334794904874,0.736253874283585,0.762746039973364,0.711440002409743,0.681197217185769,0.755288683355027,0.729708976828504,0.732669602734178,0.748137737857485,0.749051157478814,0.774711704019265,0.768907277571477,0.770156164568908,0.729498133416339,0.664176108017851,0.759784473118388,0.727843322272131,0.748273717096425,0.76378535705682,0.74897739109017,0.712972974051145,0.769570795442335,0.608909525570626,0.750405315399307,0.669751583689936,0.750966668987566,0.722046940548058,0.70366022946446,0.688480982225039,0.726201914177228
"Arinos",0.0711387268616606,0.0735362662960504,0.138049754362427,0.171310288146995,0.164271354524356,0.166408288781411,0.115461853160453,0.121782262913447,0.687516946851828,0,0.139973435495601,0.0375554355731378,0.119162422754217,0.144808504622041,0.147257672207182,0.142876703265919,0.0999733970060643,0.134100389537637,0.0270950495221988,0.136736632750155,0.135855342785106,0.0470041214340395,0.112365640730674,0.120111395250122,0.104805478729301,0.08006950335098,0.176837832086602,0.0365989258459811,0.0583392562417531,0.0650294530953033,0.16106979671812,0.0516898500719802,0.167582323190289,0.0837370687024226,0.0166693093841173,0.181215501835908,0.148036656858986,0.130771408362568,0.0186373609893637,0.132340783158418,0.177431095969395,0.135491050365454,0.13840931752299,0.114253307879696,0.178438687574102,0.108248750735212,0.130072721727526,0.143281630524991,0.141294380749007,0.869280072560147,0.130272338326289,0.0644936110290718,0.0509078093767507,0.0287759187599167,0.128994403773726,0.107001544577037,0.176605147700109,0.210532016549492,0.151071031698672,0.144868010885351,0.119958747576533,0.0619998899209098,0.119354516264073,0.0439450980602541,0.708451357742817,0.0841284572611732,0.184229656074048,0.10981482495287,0.0980546797219189,0.158177510915693,0.0461034412909722,0.0111252274369902,0.140977821083027,0.0825456265784124,0.0909827269926662,0.124549929061477,0.126052314804357,0.186563700809993,0.172670093757011,0.175639558736946,0.083499397651204,0.0319777005524065,0.151302733386165,0.0791672498717625,0.123226052450484,0.160604084588869,0.126705492641084,0.0436849104961647,0.173902928251943,0.134443976596582,0.129269048376252,0.0313600803178157,0.131176401371525,0.0682342796311204,0.0303642502953085,0.00168332551529268,0.0741983937842417
"Aripuana",0.0566425592634509,0.0664139779719995,0.00195175672211325,0.031325561622313,0.0241349082628615,0.0271349965526855,0.0163711325501013,0.26915598168155,0.754848235011584,0.139973435495601,0,0.0938820098985632,0.0198686547642147,0.00703178243805999,0.00691788995622988,0.0027604664224139,0.0386328262544679,0.00476282584867106,0.110988015444393,0.00282387839239349,0.00358484223346406,0.187467475834755,0.0275185681224213,0.0169545807700867,0.246453690747675,0.22507135809401,0.0369228420758607,0.10110478013623,0.0793157017891536,0.0727338947505778,0.0224453111753543,0.0862823607113273,0.0274022251584649,0.0560116356892656,0.145463832251538,0.0416056685316932,0.00773823337098208,0.00921139771117762,0.121113761359473,0.00642328793575405,0.037735816371486,0.00450270843778633,0.0013818006063357,0.0259189549269869,0.0385714081267431,0.0257568016962452,0.00925905112013648,0.00429837228510699,0.00471603915163397,0.899772663170928,0.00881720478728032,0.0726943724589015,0.0873788752244778,0.109876542098366,0.00951923354618425,0.0272529142412007,0.037018839665778,0.0719213102642415,0.010741467217421,0.00499508607582872,0.0128538129153825,0.0709062515976354,0.019832289364485,0.0945273738732021,0.77206795692252,0.0544644159324105,0.045217593255494,0.0241829794536623,0.041499101452605,0.0178530768602543,0.0937602013504184,0.150581103945483,0.00100874289772934,0.0559669443418045,0.0496226612754626,0.0152720068853909,0.0123756149818525,0.0476167744500697,0.0327068838119398,0.0358553283998398,0.0564163505279184,0.163359319803476,0.0107959967199323,0.0594936235663847,0.0139340901448615,0.0202187150531007,0.012532444459311,0.0824986240362862,0.0340193087110791,0.270073959574756,0.00944309156784963,0.171447919708981,0.00878913017271654,0.0717374697122444,0.1091793433119,0.137657520895465,0.062775571333189
"Bacaja",0.0365683700687941,0.0301104065162569,0.0920507770282017,0.130746921066039,0.123650806933749,0.126585414453586,0.0808698828825547,0.160182673729819,0.708523139094375,0.0375554355731378,0.0938820098985632,0,0.0736128317351333,0.106228399327747,0.105315079703511,0.101312584451109,0.0578355191454591,0.0929551489603622,0.00973703145654914,0.0955935832429771,0.089858339182567,0.0889434035141057,0.0664808328747653,0.078037192038971,0.142020911935299,0.121244233461621,0.136322256811263,0.0019117214428665,0.0191309523666084,0.0236049145507071,0.121888438632509,0.0125908058222453,0.127499993917925,0.0406103667762297,0.0561477010707609,0.141306842220686,0.107681866026947,0.084797324525491,0.0198611184896481,0.0918057416532181,0.137408181502879,0.0894614790371467,0.0977721763953053,0.0692476235591178,0.13793742838605,0.0674920820450376,0.0842567204639671,0.101507603443673,0.102180002968808,0.878944044190867,0.0889435774319469,0.024148861256847,0.0107002877034553,0.00970838429708811,0.0888303205541375,0.0698645295081664,0.136395838309506,0.171049494893074,0.109461965957313,0.102898633104267,0.0833405558518124,0.0221418297002939,0.0739520472445151,0.00385373375664479,0.72849334450418,0.0405293462090891,0.144361490169034,0.0718284200477667,0.053529911224558,0.117510786180647,0.00515381214649877,0.0470824996305301,0.0946867153180338,0.0404880907701008,0.0469395367265383,0.0780998956629306,0.0840080730722799,0.146727413799271,0.132650760083798,0.135657991549428,0.0403716817856726,0.076614165476581,0.111033347467653,0.03759426991044,0.0827737455754103,0.119955377961863,0.0858493276590719,0.00821010216816712,0.132739211488135,0.173441777836559,0.0873751760851023,0.0670002666139245,0.0861521289692006,0.025964169764801,0.00869373764058738,0.0369027463119826,0.0324067968322698
"Beni",0.037631627801631,0.0447824294352541,0.0179078017488833,0.0511882555874549,0.0438811531523189,0.0479456023851082,0.00184546099804701,0.250349863013812,0.746052203726084,0.119162422754217,0.0198686547642147,0.0736128317351333,0,0.0265019185464981,0.0258975820062177,0.0219280801985098,0.0184863071978772,0.0143305134829194,0.0910560919713076,0.01599873973194,0.0164620766133853,0.167905439686401,0.00718429571439719,0.00139303264321325,0.227446969649156,0.205234971986341,0.0575224731439129,0.0811732324887305,0.0574696534271147,0.0529992229171321,0.0426655713477866,0.0643854050114708,0.0477648910341573,0.0348606524220226,0.128463950277648,0.0623957266964828,0.0269161862340635,0.0106057073578964,0.100255925658275,0.0121705038083255,0.0579782759637843,0.015319471967766,0.0175536767403789,0.005764676676799,0.0595387167248809,0.00719528249096251,0.0107453996156283,0.0237171272740444,0.0240172994016579,0.895867953094799,0.00998502119718826,0.0529941773112359,0.0673375972732564,0.0887314978293753,0.00895394360861916,0.00848505684569885,0.0583282728478358,0.0917674233751772,0.0299667785452641,0.0240097378469127,0.00552927378687142,0.0510404609669152,0.000166141356491434,0.0745876499124211,0.763806609886946,0.0348073876501686,0.065410847806139,0.0055966772004609,0.0216491251178428,0.0378267957577887,0.0728714009413376,0.130513708823376,0.0209051715799871,0.0354072923001146,0.0290082720388719,0.00461206697052367,0.00626424184512983,0.0679074393876947,0.0529333715391701,0.0556312713017404,0.0352266554483471,0.146608180875895,0.0301513750901881,0.0388350134937457,0.00471604319621274,0.039722640391274,0.00615457188708582,0.0641990011460362,0.0552243973465916,0.251305155177658,0.00916784032977251,0.15213541166338,0.0108125472212329,0.0501658764436287,0.0885760458927542,0.11734162809382,0.0433208636838605
"Blanco_Baures",0.0676156694890349,0.0694247693574552,0.00889236796118501,0.0243257179041703,0.0168463319174816,0.0205671770126185,0.0252834628406604,0.276182785171307,0.758095350080809,0.144808504622041,0.00703178243805999,0.106228399327747,0.0265019185464981,0,0.000143606586124813,0.00442636912228758,0.0455927199358232,0.0123215124440594,0.113864620949466,0.0101389399470759,0.0105968882338371,0.194677791616583,0.0331051329777873,0.0254164621955961,0.252865958914305,0.230481734126226,0.0302176195486434,0.107882099934666,0.0848758968609077,0.0790278556246908,0.0158588953605401,0.0918203242509168,0.0201417931998267,0.0605047298435386,0.16758441046925,0.0347344525969683,0.000622409568960537,0.0158177899318699,0.126456317329133,0.0140922063503474,0.0306848898118036,0.0113733444207524,0.0086715640114492,0.0327466640704106,0.0318690436101434,0.0346235417857909,0.0160660230237875,0.00277847264153119,0.00236236453578866,0.901208271983078,0.0167988312669884,0.0802903535044626,0.0944172481225168,0.115740346797307,0.0172888429311387,0.0369618067910967,0.0306518024273593,0.0651458543025046,0.00354838762596194,0.00208230966180954,0.0216772869885386,0.0803640135287939,0.0262912921727725,0.0980629351515496,0.775116219715703,0.0608332122189727,0.0378496308813208,0.0338171498714661,0.0475138497655049,0.0107588849462233,0.0976935655430375,0.155804512339717,0.00601887460896003,0.0617479704726175,0.0563273088929272,0.0213092700551859,0.0199131803776095,0.040261887839217,0.0258967201899681,0.0287503592756046,0.0616096474889515,0.18845503612606,0.00392955931121212,0.0671179750832295,0.0221999119006595,0.0131439331827147,0.0208009810927631,0.098199179480156,0.0272930963627784,0.277096964284666,0.0170756289090354,0.178362824156897,0.0153727818651998,0.0764544588321704,0.11389343609267,0.145616717207966,0.0701477458093475
"Branco",0.0645718530305432,0.0716755046297308,0.00879833312082397,0.0243289706388768,0.0173557106485046,0.0200971155386125,0.0241901296925772,0.276040927304018,0.75803003245044,0.147257672207182,0.00691788995622988,0.105315079703511,0.0258975820062177,0.000143606586124813,0,0.00426759798899589,0.045258696498086,0.0123281376190782,0.114742860519881,0.00982289921915977,0.0102915295737184,0.194475523362865,0.0339849976055473,0.0255432019527067,0.253198825106925,0.224405981481703,0.0299573580410894,0.107633700240759,0.0839901893850219,0.0769460194512867,0.0153222660198757,0.0918692451056369,0.0205413077305728,0.0618796319114628,0.16743515409542,0.0344524704512598,0.000735592508311929,0.015821721793961,0.128667502686533,0.0141023005713542,0.0304714035525798,0.0112871339771353,0.00869408122560359,0.0313129076752132,0.0316095630676131,0.033989432378722,0.0156316393235261,0.00262100486084955,0.00208396071896129,0.901179424787303,0.0164504253955666,0.0769574132910072,0.0924789215944516,0.117218290498164,0.0168676411190459,0.0345715200552454,0.0301398579097532,0.0652987663880565,0.00377917861337791,0.00192947121254851,0.020487382620758,0.0830654028948263,0.0256687365940719,0.100659684142669,0.775054909924134,0.0598864007860327,0.0377928205428921,0.0316802606880064,0.0477504102880109,0.0109744965637323,0.0986074696552318,0.15787104224329,0.00600669479852939,0.0605363776916858,0.054880055273933,0.0217277089203753,0.0199181145636952,0.0403933242628573,0.0255955474643144,0.0288598390098663,0.0619283254944903,0.187652924639073,0.00389663645965697,0.0634481020338825,0.0220158201199739,0.0133815615835439,0.0202728827615307,0.0979054695261563,0.0271930789895399,0.276955184073625,0.0176837741627599,0.178217299312691,0.0157697889100319,0.0780191697300665,0.114666362966511,0.145143520768016,0.0665189818200179
"Candeias",0.0614040504938568,0.0678910605492431,0.00460613023723816,0.0291461302748474,0.0213717714796462,0.0249233415065229,0.0200174239476565,0.269264130942726,0.756119877499364,0.142876703265919,0.0027604664224139,0.101312584451109,0.0219280801985098,0.00442636912228758,0.00426759798899589,0,0.0417367742981028,0.00780206932703942,0.113913075346738,0.00590031758040592,0.0061798839296789,0.19032428938267,0.0293964318267553,0.0209312791521143,0.249234234103415,0.223008421176492,0.034579183689052,0.103943860875947,0.0789000962995739,0.0749732274136819,0.0199578585086814,0.0863344946833057,0.0246402903207583,0.0572192037209882,0.157776539592633,0.0393566645371468,0.00509107163591515,0.0114919850990109,0.123766709366271,0.00944851752413819,0.0352852776829306,0.00711809906965383,0.00430311812047829,0.027533198422015,0.0364923468908952,0.0306904763240877,0.0116063049046819,0.00168980084042413,0.00209131816205965,0.900335253500607,0.0119154029590302,0.074802853476882,0.0890048016309441,0.112460523624553,0.0130549405929829,0.0318639170808784,0.0349865688709581,0.0697535071818687,0.00828741537353932,0.00238227129917266,0.0162845407673641,0.0783210240304568,0.0218558598500551,0.0969310008614826,0.773261818824607,0.0555907321390433,0.0424708765684026,0.0288823021805857,0.0432973530487131,0.0152708293364054,0.0966783583298963,0.15300858991138,0.00177465126689746,0.0578675905930114,0.0510170011635469,0.0172394226176167,0.0161988096862089,0.0448820615682381,0.0305470013180274,0.0336052004520846,0.0569737687861539,0.177489912960369,0.00834325310570144,0.0615609287921869,0.0173094245386005,0.0178632619609884,0.0157822088175858,0.0906001327792956,0.032069963307392,0.272818193183679,0.0126776861886634,0.17398907209893,0.0110625761168371,0.0736354098392949,0.112105598205591,0.141083122890533,0.0638641178605409
"Canuma",0.019581713349826,0.0256048243524713,0.0367240665947575,0.0713730166703608,0.0641924052021042,0.0667226811976444,0.0201391790397272,0.229231364686342,0.737267699078602,0.0999733970060643,0.0386328262544679,0.0578355191454591,0.0184863071978772,0.0455927199358232,0.045258696498086,0.0417367742981028,0,0.0332844777103049,0.0688582341862249,0.0357301860851444,0.0345746704304127,0.148931596969556,0.0114242125028243,0.0200264501771631,0.208809615543065,0.183651366028963,0.0770190965510612,0.0605874687391798,0.0382659771372223,0.0323279602303343,0.0620117924417913,0.0452724178880272,0.0675156218443433,0.0156331791446448,0.111609376424873,0.0814311485716463,0.0468402726521763,0.0292166951225179,0.0803636513952428,0.0320304474795098,0.0773325367332644,0.0341312143756104,0.0373608558490118,0.0129593972559219,0.0782793534006072,0.0106933440996012,0.0290004746842551,0.0424429371980058,0.0424809825563772,0.891945127274647,0.0289829870175476,0.0323271258580009,0.0466034963006646,0.0704946625016979,0.0287590358487493,0.00960415541394638,0.0767093145558468,0.112020843792276,0.0501158150997433,0.043640491399557,0.0240457885263326,0.0345781909434112,0.0187015992151355,0.0536981667948232,0.755550278891766,0.0147497579921951,0.084917446242271,0.0126344984412762,0.0020836158212476,0.0577069991317541,0.0528259478181042,0.110171723456757,0.0395433115122951,0.0157516497010233,0.00965037659151797,0.0232068510393869,0.0250090069926338,0.0873166465963704,0.0727042053354631,0.0760974609096405,0.0163870252665152,0.130170941409826,0.0502113336079249,0.0198411269672832,0.0235331854826659,0.0603348452592522,0.0253568359026435,0.0469552701142489,0.0734801373582638,0.2329250662384,0.0280534354989458,0.130759158430081,0.0296467868970006,0.0322213160275484,0.0685404316875566,0.0990783928065113,0.0222683931984777
"Caqueta1",0.053848860603662,0.0580785944544161,0.00294493269140592,0.0369946456849955,0.0299892341500592,0.0332576484029208,0.0121706633693787,0.263247790290766,0.752632052568573,0.134100389537637,0.00476282584867106,0.0929551489603622,0.0143305134829194,0.0123215124440594,0.0123281376190782,0.00780206932703942,0.0332844777103049,0,0.10362837974598,0.00195771799772077,0.00136312503389275,0.182445636652385,0.0214329719530471,0.0129777610465828,0.241627759875749,0.215300334133016,0.0426577831388875,0.0953573386507272,0.0715468603912583,0.0660382760958605,0.0281079229632263,0.0790042466135069,0.0333987349544072,0.0493301832068768,0.155193172332485,0.0474366240820051,0.0126575126117484,0.00398595188327797,0.115433231074896,0.00178347623421997,0.0434362852528016,0.000521501709391947,0.00354239603819465,0.0197171919325725,0.0445730861562802,0.0219464520081014,0.00400344411886649,0.00958479546463086,0.00975169722279592,0.898791043842804,0.00430865677027361,0.0658614066704442,0.0813023573345037,0.103836499278751,0.0048767848960405,0.0229218876981513,0.0433715464728121,0.0778034856479484,0.0160186297820965,0.0102452871769895,0.00860433475193947,0.0688987293534482,0.0141099425987998,0.0888985049939113,0.769987037781675,0.0483566923244366,0.0505474052543941,0.0200240647882137,0.0360199827795199,0.023745495649636,0.0862636956490334,0.145014975038303,0.00574855037785186,0.0490003891135952,0.0432661639043906,0.00965140742656978,0.00775922724815187,0.0529580574864355,0.0386313545481163,0.0414226877374883,0.0494838938398099,0.176134485636631,0.0161612940178918,0.0524370731304321,0.0098589906769141,0.0258598700338427,0.00820261120967473,0.0847764374892075,0.0400392575752616,0.265310136971612,0.00498831425963496,0.166671433598717,0.0035954209965943,0.0649199001234151,0.101851759172249,0.133141254044052,0.0557985698349443
"Chapare",0.0431769103691865,0.0429447659515623,0.109046113080515,0.142581343101616,0.133528455628447,0.138768094483895,0.0842710582202876,0.149926970616916,0.702734706099619,0.0270950495221988,0.110988015444393,0.00973703145654914,0.0910560919713076,0.113864620949466,0.114742860519881,0.113913075346738,0.0688582341862249,0.10362837974598,0,0.107833887855405,0.107357243044493,0.0720195061658521,0.0831114544051846,0.0888754912806758,0.128901176461974,0.106863936726265,0.147033048401767,0.00874245534580032,0.0280410970098224,0.0369480543842863,0.13154403645397,0.0219602438724051,0.136706006868688,0.0515018003937081,0.0406061481268787,0.152581124006728,0.115103278331682,0.0999264470815724,0.00967028986874591,0.0987600957059643,0.147880127432524,0.106472971180572,0.107473206885059,0.0827781052779357,0.14978278188452,0.0823357049779254,0.10170198289927,0.115629802360666,0.111576145414905,0.876294951163415,0.0964936241670006,0.0360525207659354,0.0212506688771813,0.000989183226485099,0.0980178631847896,0.0769951818385687,0.14860018059858,0.18221870250772,0.121261625743573,0.113523823218526,0.0897652770805013,0.0328226057033807,0.0912222116062406,0.0147382170880459,0.723037209912807,0.0526369769308298,0.155631010926548,0.080391489854223,0.0671731071762924,0.127470389541777,0.0163192264091799,0.0394323591204672,0.11038345632794,0.0534565546165511,0.0588780804578249,0.0940467096260418,0.0977896683851663,0.157982821612173,0.143959141627524,0.146951224915298,0.0511190542369681,0.0536344198364507,0.118951019234093,0.0493411988731527,0.0917992071835567,0.130802824314947,0.0927662187780336,0.0169897660508566,0.145544859812911,0.163921621967659,0.096952268276164,0.0601881107386346,0.0989528304183985,0.0361469845834446,0.00167393851110117,0.0246640615861423,0.0457084890290404
"Coari",0.0547658662623544,0.0619957083973806,0.00100114778761214,0.0351422979113129,0.0271356034688294,0.0308288480736184,0.0141691748747791,0.25877086561502,0.753537842797993,0.136736632750155,0.00282387839239349,0.0955935832429771,0.01599873973194,0.0101389399470759,0.00982289921915977,0.00590031758040592,0.0357301860851444,0.00195771799772077,0.107833887855405,0,0.000585946060960969,0.184209779585072,0.023085853447059,0.0147230852091595,0.243117431079967,0.218648151439303,0.0404306217039758,0.096727375577849,0.0729244723468603,0.0685812809260992,0.0257219900005929,0.0796824567942676,0.0303796559877354,0.0510133184817155,0.147303075167002,0.0453485704670297,0.0108934959684846,0.00584064968245944,0.117478340811353,0.00371350298644713,0.041261164671393,0.00143149442401066,0.00146970373965978,0.0216508763198517,0.0424844936705096,0.0241514815380903,0.00590375165527,0.0074290085056506,0.00775154026918069,0.899192424998048,0.00607758757085238,0.0683790963099699,0.0824129728323652,0.104840228685255,0.00705945853186294,0.0260883130304968,0.0409115359267165,0.0757232589222164,0.0139847520589903,0.00805429484549899,0.0103631155314457,0.0720619802061896,0.0159252506383146,0.0902499030948127,0.770837588286013,0.0493496112449224,0.0484599759384807,0.0226459245763883,0.0370186175187112,0.0210557299246435,0.0905819993959658,0.145402411964152,0.00371306888367813,0.0520550492798527,0.0450455730078583,0.0114542454354196,0.0102234108176993,0.0508711398226405,0.0365417534349672,0.0395996607706849,0.0510549978899289,0.166075945687687,0.0141809149880488,0.0564238646855173,0.0113192955430867,0.0238040449231129,0.00992742864698682,0.0824135316820427,0.0379154422341755,0.26725431885167,0.00672704064325094,0.166489017834168,0.00543887569110226,0.0673583766946925,0.106099656951106,0.134924657408946,0.0575011351829033
"Curaray",0.0535088243496099,0.0612033241479387,0.00167264353258657,0.0346466527241106,0.0275650268034491,0.0311652183219653,0.0130608257435385,0.265744254303816,0.75326302882582,0.135855342785106,0.00358484223346406,0.089858339182567,0.0164620766133853,0.0105968882338371,0.0102915295737184,0.0061798839296789,0.0345746704304127,0.00136312503389275,0.107357243044493,0.000585946060960969,0,0.183919614569729,0.0234409631651637,0.013570202266626,0.242999196656576,0.220909165065009,0.0408583860853389,0.0976354277969928,0.0745016135640651,0.0694007489546645,0.0261470711549001,0.0814990420605197,0.03123776557394,0.0516386850127012,0.143617315449659,0.0456413530016585,0.0111272825801201,0.00560944387920954,0.116982833505509,0.00304305475138472,0.0413702041712326,0.000871435329725768,0.00201611315316054,0.022197748260132,0.0427757815865529,0.0224250900352587,0.0056808732947871,0.00778002707692868,0.00819183386851206,0.899070673087796,0.00544913353382046,0.0694614713665579,0.0838017395213098,0.10555372845525,0.00605834894985699,0.0238587875928702,0.0418918507099868,0.0749594789420851,0.0140700061889628,0.00842437959925408,0.00958898446133959,0.0665424277368129,0.0162905460506677,0.0912190673644645,0.770579540394518,0.0514313623564483,0.0486364121070307,0.0208244316103278,0.0381878771449275,0.0215195540678278,0.0897033852022835,0.146959365575703,0.00458846746527445,0.0521281662291869,0.0457996385464462,0.0114763425479162,0.00888004594103109,0.0511225747400117,0.0363496841852241,0.0390176221084268,0.0519468490487637,0.161816501895493,0.0143005326161375,0.0555456972821338,0.0106439331233834,0.0235610802155711,0.0091584079448514,0.0798603372929449,0.0381261204535428,0.26666404139371,0.00603436237411854,0.168463296784707,0.00511038199625923,0.0669205041445411,0.105081389818556,0.134064886094059,0.0597403363940886
