"Abuna";"Amazon1";"Amazon2";"Amazon5";"Amazon8";"Amazon9";"Andira1";"Apaporis";"Apurimac1";"Arinos";"Aripuana";"Bacaja";"Beni";"Blanco_Baures";"Branco";"Candeias";"Canuma";"Caqueta1";"Chapare";"Coari";"Curaray";"Curua";"Curua_Una";"Demini";"Fresco";"Grande";"Guapore";"Huallaga";"Iriri";"Isiboro";"Itonamas";"Jamanxim";"Japura1";"Jari";"Jatapu";"Javary1";"Jiparana";"Jurua1";"Juruena1";"Jutai";"Luna";"Madera1";"Madera2";"Madera3";"Madera4";"Madera6";"Madre_Dios";"Mamore1";"Mamore2";"Mantaro";"Maranon1";"Maranon3";"Maranon5";"Marmelos";"Maues";"Napo1";"Napo2";"Negro1";"Negro2";"Negro3";"Negro5";"Nhamunda";"Orthon";"Pachitea";"Paru_Este";"Pastaza";"Purus1";"Purus2";"Purus3";"Putumayo";"Roosevelt";"Santiago";"Solimoes1";"Solimoes2";"Solimoes3";"Solimoes4";"Solimoes7";"Solimoes8";"Solimoes9";"Tapajos1";"Tapajos2";"Tapaua";"Tefe";"Teles_Pires";"Tigre";"Trombetas1";"Uatuma1";"Uaupes";"Ucayali1";"Ucayali2";"Unini";"Urubamba";"Xingu1";"Xingu3";"Xingu4";"Xingu6";"Yacuma"
"Abuna";0;0.203665535379579;0.0627597947899582;0.0101975326674367;0.014892989445443;0.0202166109637506;0.169705394984281;0.141898426660438;0.00611138038934742;0.0801390316975693;0.0778627665732776;0.177092295245721;0.0935642173848763;0.0975404363509806;0.0210518938355596;0.047196638779946;0.146153605269207;0.132989294173458;0.207081702336414;0.0654448290548064;0.0498109318449465;0.0502135335368157;0.123331599024558;0.166104157086352;0.0191002582669186;0.0409606934337108;0.0420378701208477;0.25994052407901;0.193635379360227;0.245183431457876;0.0842432832727454;0.148536741275732;0;0.175153151808067;0.137999795921548;0;0.120225875074316;0.0553927685281128;0.143575147481089;0.150930408843619;0.0476000417493578;0.0893398249450633;0.0342086634086072;0.0811413698635929;0;0.144834818445406;0.0407413460608876;0.0319320997149135;0.0779468035775875;0.0184522869809516;0.191037262445208;0.242385965967591;0.228415723150389;0.122989891191298;0.195419259731779;0.18626265295989;0.00959703060411215;0.012658967868111;0.0896313181629547;0.155610541066204;0.108831757733622;0.198777588000748;0.0779439805661277;0.178158060364483;0;0.216046403096755;0;0.0885363749673595;0.0697409189792993;0.0120411185235376;0.16912617139819;0.184876623998763;0.0434795360014146;0.15811913876361;0.182099657696533;0.0733521903744441;0.0580758516198632;0;0.00857012072029911;0.0143768886202459;0.196858333390542;0.070379268022801;0.0196027674847921;0.10282654154477;0.112561898003302;0.0258314418896439;0.159543120410581;0.090325235900671;0.0176290076091168;0.0447813717706293;0.141415033560318;0.152731492190527;0.0747629879148099;0.184785932112696;0.140664263050835;0.122041160768455;0.209216787219437
"Amazon1";0.203665535379579;0;0.0050320194908297;0.00326871497897044;0.00568132400933903;0.038735147673093;0.154613068987414;0.088042087105205;0;0.0332509886516084;0.0132090381396082;0.151332169539278;0.0392448213030361;0.083406464089503;0.00949230143995384;0.0387285549192715;0.118351510605921;0.0834767154115644;0.136506570254725;0.041936778655881;0.0232019105735019;0.0234846354169473;0.0413489998522383;0.136642525489162;0.0344883345440669;0.0590001567429453;0.0300775417149267;0.163964130500877;0.115347191018703;0.194789443083708;0.0667627428750828;0.0434826858790468;0.0303098892811927;0.0747602349050025;0.162118298640615;0.018746263212836;0.0786517790844348;0.0210741189812308;0.0410960693706453;0.0977625423846073;0.0278658060750313;0.0103424554169664;0.0424286554609071;0.0740097389785457;0.0132704282089353;0.136842146263219;0.0259627428952563;0.0515228162305488;0.0822338875848721;0;0.177025824352986;0.173670611269983;0.170817305891754;0.052053547456807;0.182564446194813;0.205819746418898;0.0295609403049493;0.00500691952965313;0.02923670079887;0.099538292710151;0.130633299080311;0.136829239596817;0.0819691472628919;0.155049130861209;8.77406107939216e-05;0.154040725282049;0.00617319671322287;0.157524440869495;0.0332325091985772;0.0198126729033087;0.0329099763147397;0.129781313979333;0.00528931465762881;0.0913364873804443;0.121448261428775;0.0169192369341749;0.0552035992590908;0.00411525975082321;0.0261264444359122;7.76879680543283e-06;0.112328439197262;0.0689495082226143;0.0154530180833688;0.0752299189972113;0.118864687984861;0.0157587057333702;0.133239048377473;0.0759641240330356;0.0148516850667278;0.0207284786953388;0.103788571676217;0.147207687303092;0.00577368181422389;0.0723332438639634;0.102460368147067;0.0522646898603685;0.170368496776092
"Amazon2";0.0627597947899582;0.0050320194908297;0;0.0108616278452945;0.0401722429763068;0.0524352285703313;0.0725840244515129;0.000840052153927768;0;0.00153812224422349;0.0320873524721136;0.0688485660066539;0.0306128473791523;0.0592767897480189;0.046433698755889;0.091082247783597;0.0226942910653071;0.0657083451353504;0.0173593469710653;0.0594418212197045;0.04442241933161;0.00126160748105595;0.00181183699209699;0.070027251489656;0.00225870679016535;0.00688076540281001;0.0994262747985557;0.00756629013072387;0.0234410984013451;0.0142053089909662;0.0807826513401925;0.00226541849213982;0.0519210940846233;0.000256530816281785;0.088782827097877;0.0486878655985163;0.0922803590193906;0.0227787700759756;0.000227151363193462;0.0469293018973802;0.0606109779460889;0.0332243368366726;0.0552088095152078;0.0263207024182628;0.0228690827293959;0.0591645271867652;0.0643940734047735;0.0810598383054329;0.0990648885989379;0;0.0722977751028042;0.00986042169511561;0.0335894049588708;0.013403868399623;0.0655292235315934;0.0937997758591929;0.0696705537961126;0.014914026731849;0.109534012544693;0.131460755874033;0.148271551617031;0.0400546087476138;0.0352299882833191;0.00268022107458775;0;0.0225816001048909;0.00557482516984066;0.0633745351867863;0.0119871312693354;0.0590565420219841;0.000149513916530106;0.0045675862983847;0.0331943171029763;0.00184227286405611;0.00500179254015318;0.0255294962808849;0.0555623000491779;0.0293628708630403;0.0423812546493273;0.00967485432945725;0.0147690656720218;0.0450421676456534;0.0613121333135154;0.0131999445284768;0.0878146029120729;0.0384493455320837;0.102590372765652;0.0380341675935204;0.0504733669503288;0.00638227981663265;0.0454669004574499;0.00474962570865261;0.019329345785999;0.00908889907811257;0.00381150889831264;0.000940519928494614;0.0181093946836746
"Amazon5";0.0101975326674367;0.00326871497897044;0.0108616278452945;0;0.0171968993646406;0.0241405234879;0.000732985813804128;0;0;0;0.0189539456116973;0.00507948129698152;0.0198731927326801;0.0117127818681213;0.012305622667737;0.0161128691636062;0.00286890830521544;7.05714880329691e-06;0.0177185701489967;0.000961715551062832;0.0672701265440367;0;0.00138888740764683;0.00733637830129494;0.000611991698274564;0.00307403675647734;0.0423460604605261;0.00626032609652823;0.0110245532196121;0.0123651078783714;0.019685145309723;0.0021621223562658;0.0177618881044272;0.00154977083558341;0.0113440955578308;0.0381194697507522;0.0203676222147565;0.0256465086185851;0;1.3225179393917e-06;0.00885785483382005;0.0185413114402904;0.00673442901315342;0.0237988874287039;0.0384471919103212;0.00828517287186602;0.067012413699081;0.0150418036940144;0.0255366062168951;0;0.00181203771192665;0.00720579777447751;0.036455237657218;0.000970636630420644;0.0204969367960943;0.0137934679212267;0.0505786739172793;0.0524930772758651;0.0595986637863944;0.0583766506039595;0.060337213151778;7.81539554518207e-06;0.0210851641765814;0.000474124514642068;0;0.0143883399635166;0.0394976989174463;0.0115975917635825;0.0147782242816683;0.0100033425989232;6.14500160323444e-07;0.00350170177572181;0.0305557115503742;0.00459854046306614;0.000555276157303433;0.0103103918218293;0.00698673152019969;0.0470222897813614;0.0262915084359036;0.010344741064098;0.00564811155999898;0;0.0127627773640247;0.0128402416098791;0.0289893580742249;0.00909373858980698;0.0173390484810305;0;0.0154280531834591;0.000845232231905545;2.82891369449235e-06;0.000266755553159776;0.0188835461068334;0.00390805007391877;0.00350010051910972;0.000543793251637591;0.0149873531961878
"Amazon8";0.014892989445443;0.00568132400933903;0.0401722429763068;0.0171968993646406;0;0.0569506554788424;0.025595637115837;0.0187478295812635;0;7.26842874243569e-05;0.0316671051314172;0.00759520648415691;0.02862339965316;0.0300159555322459;0.0304543657668923;0.0291622564478612;0.000595839419003183;0;0.0305633626609224;0.0230069959226015;0.0932251074130188;0;0.00346302355969357;0.0207156726688241;0.00273350188442517;0;0.0449062898619421;0.00269073842031419;0.0101110548575165;0.022293315627211;0.0305785778762938;0.00175547140487917;0.0232935093519402;0.00735209177305221;0.00173533866127703;0.0406031158929148;0.0409993434782634;0.0317647371340873;0.000178243124645145;0.00012289690432522;0.0342650265777182;0.0307979790442353;0.00499632680694653;0.0432593686466333;0.0214153150445589;0.0238883006134815;0.0811883201118683;0.033584861515558;0.0448127808312231;0;0.00255551547949869;0.0212459416136928;0.0416716857464543;0.000161532706263972;0.0454420867472166;0.0238438302287313;0.0622553734694353;0.0150033948484054;0.0651999366246132;0.0748083200338144;0.0703691797003532;0.0105723961261985;0.0440740388312836;0.000402829015804788;0;0.0178647992889496;0.0208700559237057;0.030594964741766;0.0189189497214288;0.00542697584152536;0.00506412252930557;0.00154124239811509;0.0346497056337279;0.00783472054185044;0.0132898601674494;0.0143613704091425;0.00610778304287869;0.0280261799146591;0.040444254326398;0.0106294505928328;0.000790034408405357;0;0.0141632195673535;0.0263408135932043;0.0317421401662282;0.0357339804326174;0.0178064389636115;0;0.0320185805590254;0.00329724994770102;0.0134226680492773;4.85924760794453e-05;0.0287399109741465;0.0052054574697333;0.0100434662619361;5.37949798065542e-05;0.0316324681416605
"Amazon9";0.0202166109637506;0.038735147673093;0.0524352285703313;0.0241405234879;0.0569506554788424;0;0.0431426823264249;0.00455809036685914;0.00274565039650876;0.00865725422943905;0.0710925235626396;0.0475074455826433;0.0600817180328791;0.0236600403310475;0.0481394861177072;0.0524298646372158;0.0310534463554839;0.0331626952259354;0.0353853775265768;0.0173592171587495;0.0875022055129402;0.00237911674473713;0.0133188682369623;0.024479905287325;0.00230431032609897;0.0253946988506306;0.0907390415058829;0.0376428828447168;0.0567858919984178;0.0268165458680051;0.0456458287235336;0.0295808782088207;0.0365627991356259;0.0302834652713661;0.0168760158729891;0.0422172167578433;0.0410757241989695;0.0544927888243012;0.00912122599444628;0.021203434937866;0.0202996243629127;0.0632518313020013;0.0369347214764781;0.0274645272522263;0.0128776579893907;0.00298869093862337;0.0939921801931001;0.0256311503092866;0.0397203050359878;0.00244095568966203;0.00836321929179173;0.0364658310724226;0.0575346189913993;0.0124451034314009;0.0165419084044948;0.0189691314381497;0.071032673448273;0.0160677069654322;0.113985673668292;0.0996296112916897;0.0909562558065266;0.0312182279845513;0.036410124322722;0.0369585485461521;0;0.0433033184915455;0.0105026595574386;0.00335004195442422;0.0303902321086204;0.0526451089047837;0.0122469204531354;0.0381069006834093;0.0755909769618664;0.00799242794993504;0.0182645914832272;0.0696507918362392;0.0198822885396619;0.0278068782854685;0.0299721873494552;0.0246484056069615;0.0482535223371054;0.00339613342608521;0.0489019238357366;0.029149733157074;0.0339384591278735;0.0367304095578217;0.0530939345506212;0.0102445157669063;0.0572356058861069;0.0237277457644316;0.0156523441735305;0.0342228599247104;0.0638952915258171;0.0437555783073018;0.0176385307124319;0.0164325505596664;0.0197485868611147
"Andira1";0.169705394984281;0.154613068987414;0.0725840244515129;0.000732985813804128;0.025595637115837;0.0431426823264249;0;0.0931458884214655;0.00345943866261324;0.0389264107279643;0.15658592424544;0.112102994122644;0.111223779371365;0.155638714484409;0.0312475651139743;0.0589887446039497;0.0988319131494484;0.0911499648344853;0.150650142627611;0.136036766717356;0.0863756989771614;0.00151167856624263;0.0626065970091704;0.0798183831795733;0.00271306690839681;0.0307746301837589;0.0347082675644528;0.126557099604921;0.120275185940373;0.129804591494509;0.0738507742543832;0.113191510097546;0.0368250990193724;0.17180520390998;0.0892193154303823;0.0379142116485122;0.0895505954982529;0.0926105057761974;0.137657457563206;0.122016055029396;0.0511759230536602;0.0779131903707541;0.0553000054034166;0.102860666006957;0.029696864349627;0.166495201649743;0.0898742425263388;0.0513534289785567;0.0644165099351735;0.00218054422336403;0.127169092448676;0.132009134210872;0.162523446057669;0.0228590522707946;0.155045569931533;0.13081745930684;0.0399767081785791;0.0246746273218894;0.0559880479298271;0.176825631844833;0.109811739983199;0.108010817255994;0.184391946114316;0.093459217250319;0.0159129909818121;0.140964763064282;0.0196005060627347;0.170992926381666;0.113608359274179;0.0417499621227025;0.0748077873994804;0.142434056161399;0.0731250221955266;0.180064831294732;0.127859816817623;0.0992859211972596;0.159706173015801;0.0287505306615081;0.0411909104401227;0.00227168241112412;0.156406986142524;0.021130173715942;0.0423829850473546;0.205255367426913;0.114316322694855;0.0351194555123094;0.112708228852233;0.0613825494677291;0.0351688684272937;0.0197931354110239;0.185938084942206;0.0734567745850323;0.0811238218343894;0.104041925892512;0.15217447110978;0.0448047972485207;0.140029028581457
"Apaporis";0.141898426660438;0.088042087105205;0.000840052153927768;0;0.0187478295812635;0.00455809036685914;0.0931458884214655;0;0.144753989947198;0.272361187478004;0.0144350384631712;0.0749319215089441;0.0091389912824062;0.00141828635964613;0;0.00639708402672224;0.0809174899710174;0.0187478295812635;0.0556181077248612;0.0172294087861224;0.00640659769087883;0.201667756485314;0.184993954859208;0.0642990884165819;0.108456048191756;0.249811118708547;0.00141828635964613;0.0751946850313942;0.0669944461150611;0.0517081753149393;0.00141828635964613;0.123702282310211;0.0187478295812635;0.247271112770527;0.0820247408729465;0.017971927607213;0.0542883395783967;0.0237017211722529;0.116749873958123;0.102141715066621;0.00455312334375569;0.00309132217389383;0.0559103298778671;0.0192737376880288;0;0.0380256321586699;0.00303278253943292;0.00142024952087068;0.00158198113812753;0.180790168219639;0.0324311207094214;0.043136880384021;0.120857565163797;0.165075881862543;0.0285009076032638;0.0177890804823662;0.0134173606391282;0;0.00220212965392128;7.52571407386892e-06;0;0.0325131017455118;0.0160917224714988;0.157630645600793;0.053838637573447;0.0468793062006882;0;0.0154893138622248;0.0390775859890149;0.0187478295812635;0.130886991846502;0.209787103472033;0.00479815367568099;0.0833494519322941;0.0171829250896644;0.0283628266410753;0.0524845415187628;0.00682802735887128;0.00141828635964613;0;0.0457904318357185;0.19890083396819;0.0179728866293463;0.0128682491795122;0.0536153952610595;9.59022133246584e-07;0.00490589550056294;0.148857393932336;0.0134173606391282;0.226471988096471;0.0264704248707226;0.185858497604569;0.0304240440606278;0.0825600777056556;0.113656237609315;0.0992980024755819;0.0113737172672342
"Apurimac1";0.00611138038934742;0;0;0;0;0.00274565039650876;0.00345943866261324;0.144753989947198;0;0.0257494317852014;0;0.000923271028128404;0;0;0;0;0.00192782495289026;0;0;0.00286500502130891;0;0.0551566453345691;0.00218737573065093;0.0190261078190915;0.110852660604963;0.00271508140074166;0;0;2.41155448252354e-05;1.62124495618277e-06;0;4.24498571722676e-06;0.00126720572830082;0;0.0668601165590368;0;0;0;0.0023084365001933;0.00375719258940868;0;0;0;1.76602875516477e-13;0;0.00478133414689944;0;0.00104625925815342;0.00126720572830082;0.227950417261038;0.0028103856202129;0;0;0.00342716317860146;0.0138485511675504;0.00468712021936969;0;0;8.64208036750619e-06;0.000184443118711291;0.000136203875155602;0;0.000131703835482256;0;0.572081661336346;0;0;0.0086560342898079;0;0;0;0;0;0;0.000232830720509019;0;0.00289070115446491;0;0;0;0;0.00843248959099564;0;3.28190065563105e-05;0;0.000262822219954025;4.4410168209905e-05;0;0;0.00349695551730397;0.00167489105791887;0;0;0.000671456094107635;0.000750306908746211;0.000152297845537831;0.000611254645484682
"Arinos";0.0801390316975693;0.0332509886516084;0.00153812224422349;0;7.26842874243569e-05;0.00865725422943905;0.0389264107279643;0.272361187478004;0.0257494317852014;0;0.0109438718623541;0.026271004712595;0.0189765721913189;0.00965343858488008;0;0.00145067704163672;0.0393808296986549;0.00506161041209653;0.0627333645137831;0.0143397872849115;0.00832072855864456;0.181156252485917;0.0461847539454148;0.0806176450059889;0.177628391647164;0.19490407001525;7.26428454016111e-05;0.0826528951423366;0.0343146348540624;0.0563743825318254;0.00883017432738091;0.0276035996351361;0.00272951426953245;0.0262231530262782;0.200225892874359;7.26428454016111e-05;0;0.0066056518139664;0.0249150315779975;0.0141491246994308;0.00105574772839636;0.00784911004922537;0.00596553768960274;0.00771971743870863;7.26428454016111e-05;0.051250773508058;0.00484142682265977;0.00846735381658926;0.0193352786997164;0;0.0173891685488727;0.0523678568451368;0.0383093008909933;0.074762443886843;0.07881351555346;0.0417100727280951;0.00152060636962102;7.26428454016111e-05;0.000355660557877451;0.0198970019115647;0.0469798830883582;0.0191030103593249;0.0113703622916368;0.0361225809894438;0.0988480262572999;0.0279845752696264;7.26842874243569e-05;0.0451085957716754;0.012528023341289;7.26842874243569e-05;0.0197021957547767;0.125422179195652;0.00585103619228699;0.0675706116490311;0.0166550375047225;0.0127301572186336;0.0138895100052302;0;7.26842874243569e-05;8.27710577766276e-06;0.0279700090714085;0.209810764599905;0.000837522667882226;0.0121863426051845;0.0263389842794506;0.00179184313585769;0.00133928551116355;0.126283093330191;0.00283987393901799;0.0680906165713167;0.0253126407209535;0.0917822719183161;0.00261985622954338;0.0191996952391787;0.0563764575978077;0.106392770099239;0.0315732407716966
"Aripuana";0.0778627665732776;0.0132090381396082;0.0320873524721136;0.0189539456116973;0.0316671051314172;0.0710925235626396;0.15658592424544;0.0144350384631712;0;0.0109438718623541;0;0.0730133546537511;0.0785566312146256;0.065065036319712;0.0447240434693125;0.0807178775483566;0.0119343747909848;0.132710958835381;0.0113815894999275;0.0701265514943758;0.0338183694252341;0.0044234548332898;0.00381960276046753;0.0727156809158421;0.0162307329257787;0.00891459075163757;0.0726174476535337;0.0774834844466638;0.0163490864709076;0.0646343876592782;0.126444082016722;0.00947721909598385;0.0639041419590058;0.0149257250694318;0.0953309709304868;0.0513594853528705;0.166361853380774;0.0591520755961674;0.00680588612270718;0.12267587340678;0.0848653952785613;0.0394949088259263;0.0887406625767499;0.112176423826697;0.018929301156623;0.0654756839240807;0.0490473034533141;0.076963084179001;0.137516795721306;0;0.135849024514009;0.0546414100274626;0.0870967833100938;0.00663131198001454;0.0726255574775475;0.15612781892673;0.0687973287674608;0.00908948101177093;0.0872015209397329;0.128525805768155;0.20005133199075;0.0527762095622711;0.0321903726848942;0.041505752411822;0;0.0708009609942431;0.00774372775486583;0.070856571930551;0.106547972973897;0.050724624284835;0.00695541210645347;0.0453277699595463;0.0300278798145935;0.00348645886443818;0.0852245480773651;0.0519721605902757;0.0588668949230782;0.0395047094067634;0.0328562232490802;0.0169647846953167;0.00911734502441814;0.0584321417970708;0.0557570988192719;0.00863140976343615;0.159735676459534;0.0408402758024709;0.167289042145693;0.050983552265954;0.0474114868863829;0.00518246550028276;0.0619813538129628;0.0517025669544332;0.0579988752018696;0.0155018563112706;0.0101011087764735;0.0102638222952414;0.0768651340768753
"Bacaja";0.177092295245721;0.151332169539278;0.0688485660066539;0.00507948129698152;0.00759520648415691;0.0475074455826433;0.112102994122644;0.0749319215089441;0.000923271028128404;0.026271004712595;0.0730133546537511;0;0.0760658283807669;0.0484294308088879;0.00851248506766166;0.0242530053800126;0.130123052114439;0.0371294162368271;0.148956733533943;0.0440793304554521;0.0732554963910916;9.38006443649111e-05;0.114046256211551;0.070943068596298;0.017340650591975;0.00880702183004379;0.00366993771024358;0.143298616722027;0.0586558668098345;0.172868929373089;0.0331109908649479;0.0701731243574686;0.034532667389741;0.199190899755788;0.0517463067476766;0.0163836625567141;0.0657350371301092;0.0764646838530712;0.124634756974382;0.139302671557868;0.0511813058312787;0.065167229546546;0.0627401847545134;0.0806276147025403;0.0108708774177186;0.103869689599395;0.0577227173624197;0.0442315787596112;0.0493878192004731;0;0.0947681274851094;0.146960101094147;0.182981946206717;0.0151222740260356;0.179720754770129;0.0907440495265887;0.0198009962930845;0.0134032983029722;0.00911680448379543;0.0323747735581727;0.0516877530684591;0.0932617292623889;0.1035007023087;0.144741494080239;0.0227383516033802;0.122950651122285;0.0141590180530017;0.109518758973048;0.0805940131531444;0.0182144818007975;0.0649393909279675;0.177815171704877;0.0526436746825571;0.170914361355326;0.107472523901801;0.0788297485899035;0.0794697658531354;0.00217889541150129;0.0274336709054332;0.00474889574295486;0.121130472207014;6.07077423031404e-05;0.0162995443877382;0.09932661634617;0.072506266663853;0.028066174884294;0.0315339305512235;0.0541585429907119;0.017013594928128;0.00419908597002976;0.139588392474347;0.114214845087211;0.064890676561408;0.0650826732764163;0.1530548222365;0.0331311231293647;0.135238206266182
"Beni";0.0935642173848763;0.0392448213030361;0.0306128473791523;0.0198731927326801;0.02862339965316;0.0600817180328791;0.111223779371365;0.0091389912824062;0;0.0189765721913189;0.0785566312146256;0.0760658283807669;0;0.0749901919824799;0.042075790773789;0.072772273644913;0.0336976119790154;0.0785020334279465;0.00394168177522878;0.0958373509968976;0.0277428943082411;0.00112083193279489;0.0186333352352334;0.0716904799975898;0.0106645717365587;0.00117671942062518;0.044450172457045;0.0142850981369327;0.0248346205578161;0.00851603080973872;0.0906046917570709;0.0236753644615894;0.0544803781873116;0.0509759195327962;0.0999542336182939;0.0472875487283811;0.125160172516859;0.0422044708968851;0.0194618840687976;0.0829623559949215;0.0754723308205293;0.0489664327060517;0.0896713489359306;0.0703954009857412;0.0117967090460699;0.0671208427553035;0.0259674965237361;0.0501647591184084;0.107849472184375;0;0.0857646281346037;0.00433534682618929;0.0571750118998906;0.0218481436436814;0.0976439165128231;0.115718862860811;0.0515298193212837;0.0156519304027848;0.0715170649632268;0.138686918522297;0.147750981256205;0.0545868123134035;0.0459859246575803;0.00789593680631217;0;0.0179241453041015;0.0132175378050869;0.0867196831448811;0.0652693139808138;0.0497941429283909;0.0206346742083091;0.0105954384044284;0.0190654179917816;0.0410865438903719;0.0362165241115804;0.0458539121990756;0.0896018333248549;0.0264283664283976;0.037903898894734;0.0158461722599228;0.023118983120758;0.0544673951273883;0.0499559258967724;0.0248439232796972;0.119201553977434;0.0351839378497701;0.121967320666591;0.0508168867794607;0.0328940742695619;0.000189586023127074;0.0687359401997225;0.00519413628908512;0.0530508615145795;0.0246759045004069;0.0110002780583514;0.00907743038584887;0.0116280802088483
"Blanco_Baures";0.0975404363509806;0.083406464089503;0.0592767897480189;0.0117127818681213;0.0300159555322459;0.0236600403310475;0.155638714484409;0.00141828635964613;0;0.00965343858488008;0.065065036319712;0.0484294308088879;0.0749901919824799;0;0.0256870783194445;0.0179576525111932;0.0516755955872987;0.0741156179684588;0.0416706204279528;0.0563108266858627;0.054602242971844;0.00263757075462836;0.0346069591129543;0.040260615021934;0.0101723102538555;0.0117336136507376;0;0.102926246489225;0.0549754972371128;0.0849840973691439;0.0184072313595085;0.0264364806795535;0.036578822571858;0.079802149690778;0.0257451836785337;0.0344728336201561;0.0990087781094118;0.0814475971932182;0.0274121149577037;0.139643645705706;0.0425151875536579;0.0499355735162854;0.0700478469113292;0.0960922679930295;0;0.0192690238881927;0.0537472445438004;0.0145083242653002;0.0178337575812833;0;0.0959742200399741;0.075185563966583;0.121789804110493;0.0230085664927027;0.0802260811941716;0.10778740457108;0.033231080080155;4.38258807357678e-05;0.0362870085145792;0.107557432507334;0.0903095544052229;0.0349598704902527;0.101587910694706;0.0796772001147742;0;0.107154502765507;3.35742257827187e-06;0.0538135857247869;0.112375183587251;0.0334276620246185;0.0266627509026705;0.0891017241350929;0.0677034410315583;0.0984706591818923;0.0945675448328871;0.09552375270495;0.106793516938185;0.0264556602250145;0.00368691499185506;0.0116612585977473;0.0418970400284271;0.000153516293741824;0.0379487071269435;0.0648486444312895;0.110391567306878;0.0103154517521394;0.113249518707859;0.000643773550656766;0.0329923465653373;0.0150554790168982;0.078651220784589;0.0696806752591169;0.0946015960003371;0.0494310530575775;0.0586182955732368;0.00430805104051766;0.0788407505889306
"Branco";0.0210518938355596;0.00949230143995384;0.046433698755889;0.012305622667737;0.0304543657668923;0.0481394861177072;0.0312475651139743;0;0;0;0.0447240434693125;0.00851248506766166;0.042075790773789;0.0256870783194445;0;0.0258306856311506;0.0159425284348929;0.0133958826602359;0.0383775255550463;0.0179045212596637;0.0954021055220036;0.000108257912371518;0.00218040406474124;0.00879254597533108;0.0012996098232151;0.00489174401272163;0.055043378761314;0.0167243056850347;0.0122347224351711;0.0296938422814803;0.0390129169176713;0.00357655008696507;0.0319861980819584;0.00795264450120651;0.00236578393693917;0.0464250506446839;0.0271826667241976;0.0432868400298655;0;0.00157682623500068;0.0224039505217338;0.0386176602165919;0.0173728804496164;0.0445116640871636;0.0196681734539592;0.0203117737167374;0.0887969692659576;0.0299809749993425;0.0392576327512055;0;0.00891771016341932;0.0251068172168414;0.0499608091677269;0.000485576943067618;0.030415165427947;0.0209437232267494;0.0683765805632402;0.019407784226955;0.072207376142361;0.0625541647318817;0.0680690802502085;0;0.0426871930479448;0.0170390381610283;0;0.0254140010835622;0.0229156453669244;0.0268338876172385;0.0304845425277584;0.0200858579745626;0.0028857905259297;0.0165274496287842;0.0477612936283842;0.011792951084025;0.0124179115488644;0.0304508202363937;0.0123633004928322;0.028224056031391;0.0423452620777366;0.0177772570716682;0.00735639499609424;0;0.0302151404249719;0.0277610581562505;0.0394436907641581;0.035328427223163;0.0217980885480047;0;0.0396377701606681;0.00108305273718389;0;0.0121149703520839;0.0308734467012556;0.00522878044774781;0.00505582427447978;0.000628659472546878;0.0292600273220539
"Candeias";0.047196638779946;0.0387285549192715;0.091082247783597;0.0161128691636062;0.0291622564478612;0.0524298646372158;0.0589887446039497;0.00639708402672224;0;0.00145067704163672;0.0807178775483566;0.0242530053800126;0.072772273644913;0.0179576525111932;0.0258306856311506;0;0.022486049660871;0.01881270333429;0.0112623525069534;0.0245463709710114;0.078951824003731;0.000977091725412448;0.024530465027247;0.0127304039064329;0.00155759111976472;0.00535313488023898;0.0286939900368892;0.0281558770383325;0.0309489284788682;0.00906720427574403;0.0278381088502941;0.0116768810353196;0.0452527067180723;0.0255543902340497;0.0164080569844463;0.0262378174899833;0.0513414081507423;0.0937235438714342;0.0103660477522646;0.0206331500850729;0.0676561531603983;0.0592851708314758;0.0713352205867069;0.0824012460423186;0;0;0.0820583892667145;0.0509145433953896;0.0483497635082813;0;0.00440932899692458;0.0102669171282353;0.0542269479733992;0.0114543040526498;0.0586468082580235;0.00870098610714513;0.0441706896074704;0.00967724359750352;0.0469132787601835;0.0843275490169482;0.0654777117591912;0.0194280125482848;0.0593551411398886;0.00772768389969592;0;0.0183441656821806;0.00664207113917999;0.040622319133344;0.078779386589005;0.030292264012736;0.017711435171733;0.0150639871273551;0.0802193321570155;0.064429749201003;0.0196260309145311;0.0867833595002602;0.0438450711326868;0.0271367855407845;0.0141083065183854;0.0179518336113772;0.0192729294408171;0.000848277271369253;0.044721486707241;0.0480795983427088;0.041060695138687;0.0337535206002182;0.0335672469738878;0.00241124700042659;0.0330664232441266;0.000702433966635727;0.0322201548381323;0.0160012148136725;0.110785867931188;0.0215613617133896;0.0284118993424547;0.00470493338905504;0.0116753026589571
"Canuma";0.146153605269207;0.118351510605921;0.0226942910653071;0.00286890830521544;0.000595839419003183;0.0310534463554839;0.0988319131494484;0.0809174899710174;0.00192782495289026;0.0393808296986549;0.0119343747909848;0.130123052114439;0.0336976119790154;0.0516755955872987;0.0159425284348929;0.022486049660871;0;0.0348784461269846;0.125664776936677;0.0349621706037235;0.0181655061924233;0.00168210713696947;0.0407309690456734;0.121463530300314;0.0285466818527921;0.0360108360574646;0.000643397481529316;0.157351507974145;0.128866446771334;0.163906066229796;0.0336370791380072;0.093114641346099;0.0207467738285581;0.166478998427107;0.11612706526198;0.0132409253334649;0.108373245779886;0.0250626546989829;0.0993481544377574;0.109977407394864;0.0547305364976664;0.0040339902286384;0.0233939187225521;0.0426405695374807;0.0110994034264241;0.0924816627239247;0.0179218601925832;0.0274794519103706;0.0422635225728577;0.00162178107837124;0.115119626119385;0.132946892717486;0.158039384688869;0.0373378982204831;0.162787537933041;0.125342885477817;0.0135875978755119;0.00219108977753406;0.0106102797549941;0.0429380840895105;0.0560731884914744;0.119841137603469;0.0551066872547548;0.121641411903996;1.02458208273999e-06;0.110787744413857;0;0.0970296505890161;0.0391762542791364;0.0127572278727173;0.0806325003839751;0.144970093115068;0.00457317633531268;0.134280049553519;0.0801232730316778;0.0314500352889955;0.0311059849017402;0.00229494780075102;0.0153629154436665;0.000418293998765467;0.0949839156210331;0.0719103249978776;0.00690910313587977;0.0681697597362499;0.0921798614199939;0.0102411815789186;0.0709179816484746;0.0861626951709524;0.0101045475731846;0.0240177095110268;0.109641853584208;0.116830432607799;0.0423418949270854;0.106068719419799;0.151823531047506;0.062101115794261;0.126761750742691
"Caqueta1";0.132989294173458;0.0834767154115644;0.0657083451353504;7.05714880329691e-06;0;0.0331626952259354;0.0911499648344853;0.0187478295812635;0;0.00506161041209653;0.132710958835381;0.0371294162368271;0.0785020334279465;0.0741156179684588;0.0133958826602359;0.01881270333429;0.0348784461269846;0;0.0416977324386056;0.106118468255415;0.0738842915411497;0.00050240084334369;0.0253785033781887;0.0365077478355489;0.0068374357635082;0.0136285911390197;0.00296393792784719;0.0499380147948606;0.049739853497294;0.0598905563912948;0.0307777215068786;0.0319773021574951;0.0160371710124786;0.0929485378170716;0.0199708525286354;0.0150371658998588;0.106175510591629;0.0732723478452633;0.0317615852687293;0.0768109914244711;0.049767819393812;0.0659743683962111;0.0565608926437171;0.123422409069762;0.00313345674777976;0.055419806574161;0.0721754986255061;0.0234173941257277;0.046532474596302;0;0.019012346899311;0.0359577469219648;0.0923014855015978;0.0150056802771156;0.13288218448758;0.0643339327498027;0.013158680775473;5.53925339310866e-05;0.00179081377156847;0.126843868894351;0.0804094493121329;0.0283268969430179;0.145156463381854;0.00969570095614371;0;0.047619381979483;0.000752259357614866;0.116572786118745;0.104610008738194;0.0075627002484634;0.0188136633203276;0.0354327070078545;0.0678343162619645;0.131825517301953;0.0655196660122062;0.0900162157354021;0.122333758523471;0.0169613600865827;0.0142567061632552;4.84817078281491e-09;0.0361165551395601;0.0013533261152229;0.0153522494759074;0.118675439781922;0.088687706964575;0.00802993564850073;0.0674818003331327;0.0023948904910463;0.00333313971655512;0.00972182528271971;0.0967481211962866;0.00586754138603903;0.0883639809608177;0.036904580318821;0.0779140423291628;0.00203282402882763;0.0705172863543648
"Chapare";0.207081702336414;0.136506570254725;0.0173593469710653;0.0177185701489967;0.0305633626609224;0.0353853775265768;0.150650142627611;0.0556181077248612;0;0.0627333645137831;0.0113815894999275;0.148956733533943;0.00394168177522878;0.0416706204279528;0.0383775255550463;0.0112623525069534;0.125664776936677;0.0416977324386056;0;0.0561429815522781;0.00952529544730115;0.0264843127206763;0.171013283722451;0.180082189574071;0.0560712563925838;0.0705704793847878;0.00236809882712124;0.10527197053615;0.124464107815462;0.061438356625805;0.00687858913982403;0.176461223306742;0.0495176783655469;0.259885226261165;0.183730721863113;0.0272366167601074;0.121551717546379;0.0348138930974113;0.15992648633753;0.166918867819346;0.0449407885966479;0.00671698713838031;0.0590525682360718;0.0257972505926573;0;0.0764717021970716;6.69788327253106e-05;0.0273799409110826;0.0522358843496534;0;0.080992887524192;0.0739388039733798;0.123575360755326;0.148987424584502;0.152412063113504;0.11835106332289;0.0283938809578554;0.0060767732875401;0.0141516265637879;0.0658549052651844;0.0645147741478327;0.0964548584632696;0.0223625768705803;0.146300459634209;0.0455614198424586;0.0622928298637416;0.00610226670722823;0.0864316005580105;0.0480517286302254;0.0336437265450697;0.117278813423145;0.181409104455215;0.0152204294423234;0.132651316946484;0.0587585597424936;0.0380441800986529;0.0676499968008669;0.0109880377948292;0.0140112824881782;0.0136383464012187;0.10575599175723;0.123148784842011;0.0329531482921086;0.0442116280722286;0.0785453068948803;0.0230140820173904;0.0562666512356352;0.18158803547342;0.0289100483174045;0.0322588904652693;0.109702799467004;0.146418348486593;0.0518413706964254;0.145283033460244;0.176989632399063;0.101116909848146;0.065409346357642
"Coari";0.0654448290548064;0.041936778655881;0.0594418212197045;0.000961715551062832;0.0230069959226015;0.0173592171587495;0.136036766717356;0.0172294087861224;0.00286500502130891;0.0143397872849115;0.0701265514943758;0.0440793304554521;0.0958373509968976;0.0563108266858627;0.0179045212596637;0.0245463709710114;0.0349621706037235;0.106118468255415;0.0561429815522781;0;0.0594695911048703;0.00166077506334695;0.0183602120396185;0.0324398414890407;0.00327469041023814;0.0199748888075605;0.0292225554876467;0.118718450934862;0.0525186244948373;0.0982810017255977;0.0649374275757333;0.0284886693599385;0.0200431322875788;0.0645239959314717;0.0212243960705198;0.0184235292438024;0.12436976678453;0.0767343850323416;0.0130431581659462;0.127614550360467;0.0420847244523412;0.0581769247477621;0.0701512011155807;0.109259792926766;0;0.019260206340297;0.063455490080485;0.0322890012928367;0.0620795549445794;0.0040054500764693;0.089880059604787;0.104538758962122;0.131225909391468;0.0134907894996726;0.0728582923668761;0.116781788125392;0.0300676429705635;0.00408471824835245;0.0452429905970642;0.130551914316962;0.122518903262636;0.0350787844783094;0.10169705996312;0.0813824651699926;0;0.102090091762298;0.000374387312254665;0.0623861865492884;0.0915570228109636;0.0278713708654154;0.0154495267213692;0.0879565803877401;0.0523734558600757;0.066982387936307;0.0987926929270555;0.0895512560536761;0.0727534977016548;0.00326935998851049;0.0103340205697127;0.00277566966357097;0.0641720370986421;0.00215579840548314;0.0283701008835405;0.0941455177753283;0.132688453348374;0.0162313123891527;0.140455058079746;0.012856662520369;0.0224244766589488;0.0189681290522384;0.0486543666675031;0.0829489609307259;0.0919494299721088;0.0429823842862539;0.0434978015759975;0.0246584454601078;0.107846281949942
"Curaray";0.0498109318449465;0.0232019105735019;0.04442241933161;0.0672701265440367;0.0932251074130188;0.0875022055129402;0.0863756989771614;0.00640659769087883;0;0.00832072855864456;0.0338183694252341;0.0732554963910916;0.0277428943082411;0.054602242971844;0.0954021055220036;0.078951824003731;0.0181655061924233;0.0738842915411497;0.00952529544730115;0.0594695911048703;0;0.00267066080045554;0.00744585957382377;0.0664374865379743;0.00788450114978388;0.00598166332668871;0.108581265599798;0.0206512217467816;0.0314557998942122;0.00679132613231062;0.079259356107114;0.0158391708530699;0.0780717286703466;0.00688919269637962;0.0837857346571663;0.067425768880986;0.0879878611732551;0.0208359698868145;0.00753850368314025;0.0572390145340326;0.0786603125265543;0.0408563727786795;0.0666839300809434;0.0180347439575872;0.0515378217390696;0.0530944381908772;0.0228941205630692;0.0746991417728431;0.0771321256926834;0;0.0733076741488303;0.00514063131139404;0.0107605947876912;0.00890245678368956;0.0696603328958357;0.0830983916388592;0.0552541110839972;0.0648893643514778;0.144092309246564;0.12334786202462;0.132007933373186;0.0552686257550656;0.0073284715510211;0.00877684515784892;0;0.00246417971494975;0.0474649998112424;0.0565404726317205;0.0141929094006712;0.0737838123369484;0.00979569072440047;0.0145065036485854;0.0523983669664037;0.00895268687406827;0.0107320562575289;0.0292475627614524;0.0463671936067149;0.0614195613247839;0.068981405814401;0.0712351662564138;0.0122505249873723;0.0520360657026774;0.0814792649843425;0.0151233280058861;0.0651958872191992;0.0953840209501008;0.102215161606976;0.0455443099352937;0.0832717723733747;0.00295702640292551;0.058293330051029;0.0133807209373352;0.0490605298763459;0.0249010923120023;0.010690840973205;0.00752629351943411;0.00295580116829017
"Curua";0.0502135335368157;0.0234846354169473;0.00126160748105595;0;0;0.00237911674473713;0.00151167856624263;0.201667756485314;0.0551566453345691;0.181156252485917;0.0044234548332898;9.38006443649111e-05;0.00112083193279489;0.00263757075462836;0.000108257912371518;0.000977091725412448;0.00168210713696947;0.00050240084334369;0.0264843127206763;0.00166077506334695;0.00267066080045554;0;0.0888743619866522;0.058017337404916;0.0991084328870209;0.15313465725347;0;0.0301178657226714;0.00426750595501508;0.01873658676849;0.000135218358085872;0.0495730108569026;0.0010035154730962;0.15428957835793;0.136497017173068;0.000171419017027913;0.035726169761247;0.00106059986879698;0.0668976434714508;0.0221325369670484;0.000348991083258992;0;0.000335286554038219;0.00125502775040911;0.000133467281286614;0.00882456869573883;0.000221088729719021;0.0024056096387609;0.00328843101549327;0.0294052804270047;0.00203374492695346;0.014020020167245;0.017234738378642;0.095517136885714;0.0171979147377388;0.000152587475153056;0;0;9.40259061437313e-05;0.000742430153969754;0.00967023355056885;0.00253644410888721;0.00386622569527975;0.0396943910706619;0.0608136551430023;0.0074300524415355;0;0.00412343706909659;0.00121724860799136;0;0.0804072169167759;0.0886865987845662;0.000188019815511003;0.029073437024147;0.00515515944386702;0.00401411633639012;0.00119020950073271;0;0.000523459446726889;0;0.008824915813662;0.19454868831536;0;0.00756810914088249;0.00698884874188888;0;0.000134318235281556;0.135094036824113;0;0.125613868966514;0.0113994833871124;0.0561351716731582;0.00479652446164443;0.0417014897693323;0.051414967562314;0.097497264348338;0.0081729281996321
