"","Abuna","Amazon1","Amazon2","Amazon5","Amazon8","Amazon9","Andira1","Apaporis","Apurimac1","Arinos","Aripuana","Bacaja","Beni","Blanco_Baures","Branco","Candeias","Canuma","Caqueta1","Chapare","Coari","Curaray","Curua","Curua_Una","Demini","Fresco","Grande","Guapore","Huallaga","Iriri","Isiboro","Itonamas","Jamanxim","Japura1","Jari","Jatapu","Javary1","Jiparana","Jurua1","Juruena1","Jutai","Luna","Madera1","Madera2","Madera3","Madera4","Madera6","Madre_Dios","Mamore1","Mamore2","Mantaro","Maranon1","Maranon3","Maranon5","Marmelos","Maues","Napo1","Napo2","Negro1","Negro2","Negro3","Negro5","Nhamunda","Orthon","Pachitea","Paru_Este","Pastaza","Purus1","Purus2","Purus3","Putumayo","Roosevelt","Santiago","Solimoes1","Solimoes2","Solimoes3","Solimoes4","Solimoes7","Solimoes8","Solimoes9","Tapajos1","Tapajos2","Tapaua","Tefe","Teles_Pires","Tigre","Trombetas1","Uatuma1","Uaupes","Ucayali1","Ucayali2","Unini","Urubamba","Xingu1","Xingu3","Xingu4","Xingu6","Yacuma"
"Abuna",0,0.162024121771382,0.125011516644022,0.106728220878107,0.0951687455455813,0.0965397018640779,0.0940423662372683,0.222936560848826,0.727465904473202,0.181026928075049,0.123974056967801,0.101115419186721,0.1117933670171,0.0775094685982216,0.116915645069328,0.0971864653313606,0.093290753484931,0.0856495557206427,0.18983359226965,0.105672940832973,0.11590725734498,0.178479120136128,0.134606570490319,0.111770047975168,0.20486739997744,0.170980397818587,0.0983060851611587,0.141184445558611,0.122418970134557,0.131366526048905,0.0864001463873567,0.128114956833289,0.0888512258213207,0.136523889644714,0.129708634432307,0.102782987822238,0.0745899954920713,0.114761653506147,0.164283366788475,0.0904320696573342,0.103124567387584,0.119262972706595,0.101037680264238,0.104538050836988,0.0999428602208181,0.113754897929182,0.114080391316633,0.113647155276377,0.0829693367159187,0.887540357172303,0.0728906865733574,0.111830726473605,0.116372907584957,0.126178623102177,0.0959277773616306,0.075172637420911,0.0993294965282951,0.141340063462644,0.0990622141925506,0.111263809204708,0.0653796887056328,0.139739541949685,0.110611017777161,0.162829243592471,0.746330961974459,0.108585462970484,0.105867315062554,0.0681351163673859,0.115725961297592,0.0882771570122841,0.166674459140959,0.19633819289449,0.122164572630999,0.113394164202055,0.10257654895472,0.119033358165388,0.120584163171096,0.108256735392276,0.103967806862239,0.111085574853157,0.122094790227835,0.152743743162231,0.092266924442873,0.102774837165852,0.0771095755658149,0.105529420639658,0.0719536329375763,0.0810006559855665,0.102745876013414,0.236282718238994,0.107629371159824,0.200622233323997,0.121960801339214,0.130637388695014,0.16342618409802,0.114068689146165,0.112871003273487
"Amazon1",0.162024121771382,0,0.0644607902766832,0.0995257087344417,0.10168119177959,0.119497823661849,0.134637641283719,0.229739988260507,0.724768705354669,0.0831447999972697,0.0664139779719995,0.128433672794934,0.0784053439894973,0.130843596926842,0.100660815935966,0.0891096977202811,0.0716941574174258,0.110681964834476,0.0865985201043958,0.0839569273496399,0.0859251635693115,0.124494101428002,0.0564551577134549,0.107109517733879,0.206489108683451,0.2120212226894,0.116536787308981,0.0924979605552422,0.0982671516247889,0.0762649299594397,0.130796147336086,0.0877890317275571,0.117017485815477,0.0647631776125267,0.234192844989914,0.120763995203269,0.115961736203139,0.0815213634246883,0.0850154493377758,0.107782778841793,0.116975103941894,0.063366306658209,0.090403007841118,0.0832852508430001,0.119171326554497,0.114848076600576,0.0800898554490915,0.110456235860432,0.135213808756503,0.8863231231261,0.118796784182286,0.0836794427130279,0.0880200736469843,0.0865372672921356,0.0861622728364243,0.113344667898419,0.126662966281536,0.138446506809089,0.0885696163803073,0.110203619488052,0.141415744874669,0.107203292696974,0.0766811382120528,0.0874897385241573,0.743792774838795,0.0973373099364974,0.111505238793459,0.115192892149908,0.075313130775695,0.108209795711934,0.0449454188790747,0.127181285804224,0.0770621198183965,0.0514099059454827,0.0739631168959575,0.0663060859610174,0.0834263717785561,0.113891665112199,0.112158685936298,0.102729577043322,0.0747868111977548,0.263851254428588,0.119110682650611,0.0740661294389801,0.114829090243886,0.0925083727650717,0.112258781997797,0.172964990046692,0.11669992520058,0.209336749836462,0.101317883387543,0.139572716209937,0.0752495189433343,0.062290548129166,0.046662696066887,0.105582163619193,0.0958018787744422
"Amazon2",0.125011516644022,0.0644607902766832,0,0.0538632994384601,0.0493437809951486,0.0594441763700078,0.108605834503821,0.267335542049661,0.754003101444187,0.138049754362427,0.0069623525091207,0.149336381667578,0.0325846656640162,0.0780019850316784,0.0727047493429274,0.0691749535856585,0.0621983674946181,0.0739321274145155,0.109083330011852,0.0717851465709379,0.0252218943001932,0.185574132220499,0.02560252003335,0.103491601008648,0.244610359738797,0.228630432541046,0.0570735420871277,0.105415243279489,0.0773661533315704,0.0752413518160212,0.07395953884828,0.0843350490032669,0.0556523700763054,0.0540559894739647,0.235697491782667,0.0558984852986104,0.0746395190953613,0.0238391719914469,0.121098869244475,0.0855707944020891,0.0575368158030835,0.0121012249281446,0.0749778379994659,0.0241283603348933,0.0578103076865053,0.102416280512787,0.026441308880883,0.0884213912746188,0.0957326100558005,0.899398498954062,0.0833536664452712,0.0769209242231288,0.0896928928085496,0.107938220829386,0.0861126629726494,0.099225730131571,0.0664502801443833,0.0781742322680756,0.0588297242310858,0.0833301142111636,0.0988746759576403,0.134228968327076,0.0246873173600238,0.098897956142476,0.771274449101708,0.0672003626185347,0.0473850387087846,0.100545615269512,0.0480975947978312,0.0545525669439847,0.0918155024994265,0.155449435336686,0.0184489915333218,0.0540112884801856,0.0476657155789958,0.0213428406209841,0.0828135023371482,0.0497964578583225,0.0523673969735642,0.0534804353417729,0.0544607920244073,0.259723030258445,0.0762626725481433,0.0649077340530559,0.08933420007302,0.0604166021054644,0.0828992423047916,0.170907399185183,0.0625466490904691,0.26825448816483,0.0847704578429073,0.173382960645342,0.0210711431055161,0.0747745372887798,0.107240863318306,0.139509454127579,0.0721673718146943
"Amazon5",0.106728220878107,0.0995257087344417,0.0538632994384601,0,0.0186971382116802,0.0222048196643906,0.05014755191957,0.298681595448372,0.768333852500343,0.171310288146995,0.0556561228420341,0.134761313134484,0.070728096725455,0.03231450625805,0.038355979818625,0.0291757626349421,0.075353155355374,0.0433727245239553,0.142618560032953,0.0351422979113129,0.0662428382376612,0.21826050916872,0.0674449429736652,0.0506736517889779,0.276373532247845,0.261784254160504,0.0203259765772639,0.133756971361455,0.116273156299321,0.105252984935826,0.0347098407740933,0.121662426801616,0.0353231108151548,0.0916568647272129,0.191319808992838,0.0214686634904586,0.0465413455352076,0.0709216994133423,0.154195215557721,0.043610290000502,0.0220267245480982,0.0520954064564731,0.0355746151243821,0.0769354185630793,0.0186318765099785,0.0654768350608389,0.066755912410393,0.0319120838151555,0.052694246703201,0.905714429450196,0.0503762317810305,0.105419848404202,0.119883907031588,0.141484154068304,0.0456912707478374,0.0615286835044866,0.0260091961978287,0.0406892387096297,0.0325224053484639,0.0329302187739889,0.0515047379996263,0.107691909516465,0.0719376599967907,0.127208624557588,0.784722534197121,0.111367615724647,0.0133403966547844,0.0583200117081841,0.076614060374746,0.0241180723796901,0.125489173555536,0.183171429990344,0.0652451417101946,0.0909670502180074,0.0815993918939037,0.0703296704123159,0.0466633640844564,0.0157570111732276,0.0134197161746775,0.00446974284320214,0.0933915406376057,0.211996966979707,0.0252550941239791,0.0969376512485307,0.0559425441693441,0.0110090983338811,0.045594466928421,0.122425993278495,0.0230418860589794,0.299582954359466,0.0486928032915952,0.2033398074946,0.0622496513691654,0.107517512010315,0.140792679803961,0.169532972029726,0.113503599489
"Amazon8",0.0951687455455813,0.10168119177959,0.0493437809951486,0.0186971382116802,0,0.0313876775750334,0.0648364715570085,0.292070670681517,0.765350159413025,0.164271354524356,0.0536831101263528,0.127665199002194,0.0683683918843864,0.0420517706982396,0.021929093342061,0.0458866371105101,0.0681725438871174,0.0302631047749562,0.147960853551079,0.0547649627309459,0.0617846300127319,0.211351861054545,0.0659970078604729,0.0551726286334815,0.269670578696758,0.254421597645094,0.0259460771725069,0.126639091779842,0.10915544933022,0.109942975951807,0.0457109843254309,0.114543694529192,0.0177510003664327,0.0844947135497826,0.184332480590506,0.0293405623613332,0.0563076216207853,0.0529545178352681,0.145775922148154,0.036410604015885,0.0271626555091526,0.0482546218214309,0.0283530646379817,0.0724877160407345,0.0268848636553932,0.0776891446291219,0.0656626159207386,0.0513630147887572,0.0647561753397381,0.904404448045039,0.0390571808203426,0.110270421429269,0.112687144543446,0.134379102356073,0.0634871759476088,0.0789898431371706,0.0348353676991917,0.0479178718929186,0.028493356423426,0.0437777130163492,0.0538670152316841,0.10052756493366,0.0692759588660913,0.120078812920288,0.781923885208131,0.0929221109033825,0.0215054396417057,0.0757312174770008,0.0680319080550861,0.00726401541217955,0.129346247216275,0.176164455722017,0.047416051702633,0.0934589627902273,0.0744006082948007,0.0522531389892604,0.0653237699870473,0.0235438681167443,0.0228086660600754,0.0231150509603087,0.0862403993587531,0.205069083985098,0.0445258108804766,0.102210301401044,0.0447372218359041,0.0181659898044587,0.0383643812960456,0.11528546237925,0.0313629492347522,0.292975900496788,0.0351083990134087,0.196387723831751,0.0447836152789564,0.100376085914451,0.141022392324607,0.162489736173287,0.111212058419047
"Amazon9",0.0965397018640779,0.119497823661849,0.0594441763700078,0.0222048196643906,0.0313876775750334,0,0.0566639217858081,0.295134165896815,0.766735333309947,0.173113188599057,0.0655793234745342,0.133358417687232,0.0558549716780235,0.0237677028385239,0.0532720609076558,0.038231076536796,0.082420031448851,0.035924388888337,0.138805311415232,0.0445014294008468,0.0539277179750395,0.214835926955724,0.0797499372911563,0.0582887572373982,0.272776450087083,0.256915916068651,0.0217958493831731,0.135826444784503,0.122814819173211,0.101405311007473,0.0217070147639778,0.129800393745573,0.0284466609344646,0.10133309615647,0.187569047421166,0.0143452936612761,0.0359514845244433,0.0639306934154208,0.154941230088576,0.0543075799682434,0.0156546733135835,0.0596129299076475,0.0414223803757643,0.0600823830787842,0.0150625064289122,0.0561789480003974,0.0533884857730527,0.028042223498782,0.0363166896148812,0.905012930630829,0.0472576190431068,0.103107263523459,0.120435985136683,0.146511118079164,0.0528784770640657,0.0596113970227768,0.0140060288681931,0.0485500910231923,0.0432247261646861,0.0369704643018562,0.0452396217105023,0.118832682970567,0.0545488699498003,0.129774084267819,0.783223235823295,0.0968884723446432,0.0177514023205251,0.0544421025798839,0.0752276727566192,0.0252616119492212,0.129126227210727,0.187884309053083,0.0700637765195958,0.0840540821930146,0.0858166749741442,0.0755477647289545,0.0537936744856337,0.0198777905902756,0.011477763651779,0.0232874731361001,0.10104779505487,0.208278373747282,0.025797854758857,0.0909079391255967,0.0478865910671152,0.0333025442579141,0.0494974153001705,0.121136925710835,0.0164520998564412,0.296037612688128,0.0531891899163758,0.201524761322717,0.0679788214914955,0.118192585052882,0.143181899716866,0.166572069310031,0.0982009188676579
"Andira1",0.0940423662372683,0.134637641283719,0.108605834503821,0.05014755191957,0.0648364715570085,0.0566639217858081,0,0.273934709565336,0.746966984631162,0.170699890778767,0.110382491314696,0.090593515810793,0.108703511071959,0.039861046430152,0.0757071981182595,0.0682253087485497,0.0872623752392542,0.0715954700075273,0.179150921530175,0.0715523736429201,0.105826501692746,0.169973354747366,0.111942549145117,0.0548648653771548,0.248338021223641,0.217477764677959,0.0585677834661828,0.126860163416566,0.0745883204225896,0.12100659578483,0.0535284050485648,0.0795571705749765,0.0724718096696408,0.105665478727758,0.161540945634501,0.0627359615006003,0.0583092205037951,0.111398912632652,0.159087638850831,0.0450248837850931,0.0588490884232062,0.106794842069916,0.0657785336816893,0.0952312446009506,0.0598836027220542,0.0968199525631359,0.106103035969658,0.0611437992178484,0.0616727797721581,0.896275121149687,0.0599205607657425,0.0942788359113658,0.113277874224461,0.0919892737697277,0.0568743605627013,0.0503325852923922,0.0619051645037891,0.0906518187015213,0.080392378610039,0.0510604703841892,0.0451046422686197,0.119806763686441,0.110767632860882,0.153702202460827,0.764666055138024,0.124825001292274,0.0634455042784999,0.0556637222461042,0.106781311880831,0.0611900893406373,0.148739643624462,0.177294595476285,0.11494368303417,0.103363358639247,0.0880137480761261,0.12100724288428,0.0892378051867127,0.0658525280361658,0.0539643934153858,0.0545989051188942,0.0965512566724233,0.163588545980393,0.0359619612161982,0.0995094486234692,0.0658409861833026,0.0518139163208455,0.0488310069668746,0.0804501605116956,0.0647028565134767,0.253239914758469,0.0699796813378125,0.189445586245939,0.10318711794016,0.115497729399477,0.130826580448346,0.148151255425658,0.126002838706988
"Apaporis",0.222936560848826,0.229739988260507,0.267335542049661,0.298681595448372,0.292070670681517,0.295134165896815,0.273934709565336,0,0.61236876389927,0.214584211144631,0.26915598168155,0.240857786032996,0.250460263171074,0.276182785171307,0.276040927304018,0.278964538115279,0.241116668841777,0.267566596618333,0.230346397808236,0.287171121424994,0.265744254303816,0.189205221913861,0.243398957312846,0.251819301094783,0.145816208139753,0.214945638469274,0.303864477490979,0.206286101601846,0.234835358356602,0.220255603257527,0.290851221707034,0.22285113585702,0.295277086826813,0.242380696573548,0.14607276581893,0.307963855751557,0.283791992984591,0.261289806666595,0.220774856967512,0.263221400147878,0.304420302842832,0.270053078271871,0.267868149085547,0.244817164614363,0.305364111216964,0.254421024856616,0.260422262638056,0.273511954891756,0.280207578399847,0.832144851220288,0.263473420744696,0.218408304785156,0.217096238030998,0.206613930485587,0.266731225596166,0.263089337880806,0.304272100046574,0.335295940104062,0.286627777139154,0.274192755465587,0.256021394027581,0.23398313558734,0.250534508101215,0.245800603757398,0.636153687046083,0.241802235168934,0.31078366496923,0.252596630598359,0.240124096971136,0.286337488788536,0.218765594662505,0.227191450916867,0.270106096520847,0.229487891688903,0.223399121512531,0.255653234616804,0.277820497922006,0.312965687058507,0.299957309556246,0.302741558645677,0.231471330579566,0.184279926203052,0.279858556376363,0.232195794722938,0.258672451491533,0.28862154682992,0.259791992687312,0.197755860994327,0.301435551786245,0.219977440813427,0.260187171987956,0.224843592186117,0.261700602369931,0.238312667040597,0.213623494134482,0.179844184830976,0.228922272370575
"Apurimac1",0.727465904473202,0.724768705354669,0.754003101444187,0.768333852500343,0.765350159413025,0.766735333309947,0.746966984631162,0.61236876389927,0,0.687516946851828,0.754848235011584,0.708523139094375,0.746052203726084,0.758095350080809,0.75803003245044,0.756119877499364,0.737267699078602,0.752632052568573,0.702734706099619,0.753537842797993,0.75326302882582,0.660919406750497,0.74273869097819,0.746733742910915,0.625202324766366,0.638204439880129,0.770658842580925,0.707438445391752,0.718553263824586,0.721584569668264,0.764797557104703,0.715143214580802,0.766756852389403,0.729688016123629,0.676450577778667,0.772489023442495,0.758368585482219,0.750786934311336,0.697380745725261,0.751825568652349,0.770907444724938,0.752875813364975,0.754204568599044,0.74341406170552,0.771329253424211,0.742554267083741,0.750778887492238,0.756863957006109,0.757066629358722,0.629638069279127,0.750711687839844,0.72154295479506,0.714418925213554,0.703303789283054,0.750369733311888,0.741902782732584,0.770841172449283,0.78449741175245,0.759684217185309,0.757178168055124,0.74871416734725,0.720236735902886,0.746126469862636,0.710758304229311,0.31041271034004,0.729995587405532,0.77374347268166,0.743334794904874,0.736253874283585,0.762746039973364,0.711440002409743,0.681197217185769,0.755288683355027,0.729708976828504,0.732669602734178,0.748137737857485,0.749051157478814,0.774711704019265,0.768907277571477,0.770156164568908,0.729498133416339,0.664795759797904,0.759784473118388,0.727843322272131,0.748273717096425,0.76378535705682,0.74897739109017,0.712972974051145,0.769570795442335,0.608909525570626,0.750405315399307,0.669751583689936,0.750966668987566,0.722046940548058,0.70366022946446,0.688480982225039,0.726201914177228
"Arinos",0.181026928075049,0.0831447999972697,0.138049754362427,0.171310288146995,0.164271354524356,0.173113188599057,0.170699890778767,0.214584211144631,0.687516946851828,0,0.139973435495601,0.120617752109187,0.127602550325945,0.162442562376166,0.147257672207182,0.142876703265919,0.109064200979687,0.140313993086253,0.106835217094045,0.138605974036746,0.139622156545565,0.0832892842263842,0.116623114461731,0.133108427619239,0.15448837950022,0.168801749087918,0.176837832086602,0.0929907140082827,0.107239289770242,0.103170851208866,0.172756165941542,0.100589883600469,0.167582323190289,0.0942328124548455,0.210904292169678,0.181215501835908,0.148036656858986,0.130771408362568,0.0350942185202371,0.138153987928434,0.177431095969395,0.135491050365454,0.139121132856601,0.114965123213307,0.178438687574102,0.145524816758684,0.13527763673023,0.152264713471641,0.167153322654888,0.869280072560147,0.132795883977165,0.109339795181038,0.0880358696742205,0.087371415820006,0.135446811067461,0.143089027141486,0.180371961460569,0.210532016549492,0.151071031698672,0.147847568312396,0.168779257166585,0.105419859517526,0.127558662427533,0.0770928914462754,0.708775354471996,0.0976161376535223,0.184229656074048,0.147875553658914,0.104543669401433,0.158177510915693,0.0615719872448733,0.0751835869790977,0.140977821083027,0.10763318268758,0.0909827269926662,0.126760990740901,0.132503899138095,0.186563700809993,0.172670093757011,0.175639558736946,0.0920811302315144,0.274571126130484,0.151302733386165,0.0983800610223152,0.138441914303185,0.160604084588869,0.126705492641084,0.168788089045607,0.17587402456069,0.140123871659001,0.134219702112045,0.0789538112191167,0.131176401371525,0.0731152996849163,0.0593917229939099,0.0820736340915734,0.113801888788103
"Aripuana",0.123974056967801,0.0664139779719995,0.0069623525091207,0.0556561228420341,0.0536831101263528,0.0655793234745342,0.110382491314696,0.26915598168155,0.754848235011584,0.139973435495601,0,0.151167614537939,0.0331169504136988,0.0807121379987582,0.0767864905975183,0.0709621530139171,0.0641071271543285,0.0766104268956309,0.110988015444393,0.0736078771757192,0.0279997239095807,0.187467475834755,0.0291204818939561,0.105279376525495,0.246453690747675,0.22507135809401,0.0601292659906975,0.107344795890948,0.0793157017891536,0.0771521029786343,0.0688631132997887,0.0862823607113273,0.0581690765929475,0.0560116356892656,0.237433505769889,0.0583783591065224,0.0679292472998309,0.0265162440802496,0.123028329564664,0.0873735256825828,0.05533000797323,0.0190198062522728,0.0767915021272642,0.0311684239784515,0.060857223867109,0.105003793108788,0.0234195472457509,0.0901657106372722,0.0937137497716505,0.899772663170928,0.0851653572746034,0.0788282992509896,0.0916314293807925,0.109876542098366,0.0879176365958136,0.101010418294793,0.069169257238393,0.082645901563592,0.063299453914118,0.0864615518110539,0.101667183233555,0.136052485644636,0.0266272530774044,0.100829900364928,0.77206795692252,0.070562462352338,0.0498421422637371,0.102322120694092,0.0500391802589923,0.0588481431866471,0.0937602013504184,0.157353520775938,0.0164892164816972,0.0559669443418045,0.0496226612754626,0.0246688671808846,0.0846330723797268,0.0522734019264611,0.0565709287971355,0.0552657227400446,0.0564163505279184,0.261434800768471,0.0780501831403894,0.0668165539518995,0.0916375863746035,0.0622172448592214,0.0847189439066299,0.172677731608577,0.0656292759608129,0.270073959574756,0.0879484340573172,0.175279788517088,0.0280323236701593,0.0767164852435352,0.1091793433119,0.141426853515343,0.0726398268369121
"Bacaja",0.101115419186721,0.128433672794934,0.149336381667578,0.134761313134484,0.127665199002194,0.133358417687232,0.090593515810793,0.240857786032996,0.708523139094375,0.120617752109187,0.151167614537939,0,0.148957796176451,0.114339186545779,0.120557969813743,0.113081997492952,0.0968220889598768,0.109341162389527,0.165134269559147,0.105777783359775,0.153321420960404,0.0957444279666344,0.145979604799237,0.116277463133016,0.198749679122148,0.176691790221772,0.140336648879708,0.12286461331995,0.0828352849907063,0.140341716466834,0.129609394686953,0.0743687280114743,0.127499993917925,0.113849825664831,0.144552870167512,0.141306842220686,0.108150969669325,0.145709987321368,0.11812187336957,0.101050117623147,0.137877285145258,0.148367197608313,0.101185089793027,0.129946141596216,0.141951820454495,0.127665508941045,0.150967238992252,0.127722260555815,0.126338992469332,0.878944044190867,0.102069363984099,0.117589037210789,0.11446848190802,0.0765215820097756,0.0946443477707179,0.0770477561743504,0.14307100739903,0.171049494893074,0.121530443687241,0.122614472304365,0.109741468428003,0.0964862081059454,0.146974187071328,0.147972020411025,0.72849334450418,0.129277516495994,0.144361490169034,0.095185617847711,0.130154555608649,0.121525178249091,0.128897025151853,0.155679303795476,0.153478531307722,0.117460517760247,0.112119593117107,0.151642005336568,0.111266162725606,0.146727413799271,0.132650760083798,0.135657991549428,0.110458691293217,0.153928409631229,0.111033347467653,0.0952048266376393,0.104431957778864,0.123969770030308,0.0898637197275166,0.0952089120471905,0.143970712998436,0.183472664378115,0.110358526751814,0.158954958697313,0.13635977658966,0.0882663632454221,0.112236265439969,0.0938199687019848,0.142497868217444
"Beni",0.1117933670171,0.0784053439894973,0.0325846656640162,0.070728096725455,0.0683683918843864,0.0558549716780235,0.108703511071959,0.250460263171074,0.746052203726084,0.127602550325945,0.0331169504136988,0.148957796176451,0,0.0705226923176193,0.0865183898726862,0.0725188217458299,0.071580866543056,0.0593100917390911,0.0910560919713076,0.0802615142286577,0.0164620766133853,0.16826651848011,0.0404396902483103,0.0961319830621773,0.227446969649156,0.208314357810934,0.0638951856022824,0.0884924484370962,0.0879260085865106,0.0529992229171321,0.0652768773465021,0.0927071929227985,0.0604778060778348,0.0642641124607685,0.214227020538399,0.06242673161297,0.0779785954462325,0.0252967829959212,0.112109488530613,0.0865310142902056,0.0669272223088223,0.031271449847002,0.0759073459673687,0.0325650440137243,0.0595387167248809,0.089737459804758,0.0107453996156283,0.0687366191642749,0.0750745763609298,0.895867953094799,0.0672391766127134,0.0547200125556831,0.0732239300616766,0.102169483765191,0.0960727113216593,0.0954436687431263,0.0585126849346066,0.101835186088994,0.0775994132648975,0.0850555851107478,0.0886373898985603,0.13629137867537,0.00834280704612625,0.0818780206380539,0.763806609886946,0.047627505598751,0.0668203453948487,0.0881980332472798,0.0258047912881251,0.061327489380155,0.0849727558696873,0.140836400959151,0.0329286048998272,0.0483606453159645,0.0462346625154969,0.0274798082981833,0.0847469836577543,0.067938444304182,0.065476082105874,0.0737661345354928,0.0653884103135054,0.239249660369011,0.0790774473502536,0.0641871611306457,0.0669291326443658,0.0761186940231665,0.0778231341733773,0.155756271618477,0.0552554022630789,0.251305155177658,0.0821751989841855,0.154529304458807,0.0433205406751622,0.0861153843329985,0.096017381649379,0.126048589811413,0.0433208636838605
"Blanco_Baures",0.0775094685982216,0.130843596926842,0.0780019850316784,0.03231450625805,0.0420517706982396,0.0237677028385239,0.039861046430152,0.276182785171307,0.758095350080809,0.162442562376166,0.0807121379987582,0.114339186545779,0.0705226923176193,0,0.0649939011550463,0.0481357924739559,0.0800458743914196,0.0438101373516831,0.152813793845369,0.0563204610973878,0.0699338325351473,0.195209624578798,0.0911858447598063,0.0547509348354791,0.255644027092016,0.23816210616904,0.0302176195486434,0.120370036756765,0.107656610552163,0.0985707218429761,0.0215483984668407,0.113050961854218,0.0464219930932838,0.108808896854858,0.16758441046925,0.0347638119031435,0.0323125360069821,0.0833573277319885,0.144793784201469,0.0475072689611228,0.0353765142115745,0.076043342000294,0.0542310575682732,0.0593075544407503,0.0318690436101434,0.0608807555821887,0.0700004335305731,0.0410592646096936,0.0239279580930953,0.901208271983078,0.0364681090674325,0.0852348553193309,0.103468764702403,0.129622939260622,0.0524398690748521,0.0381538522775377,0.0311262875149776,0.0651458543025046,0.0564428673879112,0.0349500460004363,0.022514380702338,0.116657064853215,0.0721488224881856,0.142692526153341,0.775116219715703,0.0940018531355326,0.0378496308813208,0.0338171498714661,0.0863167048144361,0.0350478529394049,0.133097160216387,0.176000183146816,0.0894218618689227,0.0898142441774069,0.0714500979582364,0.095031988106127,0.0684255815735732,0.0402912471453923,0.0268711815695338,0.0367435535311247,0.0986586977222417,0.18845503612606,0.0175146938087844,0.0726729463037539,0.0440807778519438,0.0406837852480393,0.0348060375805578,0.098199179480156,0.0364745174900842,0.277096964284666,0.0597761799929616,0.184498977224591,0.0865908167928971,0.11650130501256,0.137723187264316,0.145616717207966,0.0815654320151424
"Branco",0.116915645069328,0.100660815935966,0.0727047493429274,0.038355979818625,0.021929093342061,0.0532720609076558,0.0757071981182595,0.276040927304018,0.75803003245044,0.147257672207182,0.0767864905975183,0.120557969813743,0.0865183898726862,0.0649939011550463,0,0.0506408767919272,0.0836653846382876,0.0314580668329668,0.145040187040585,0.0721917836540922,0.0841106999379025,0.195287900336317,0.0627932746752707,0.044286550431508,0.254097991021641,0.257640264702395,0.0435784215403032,0.121025067716668,0.115268627731639,0.120506738289872,0.0638158812371111,0.110986860128711,0.0348223491963483,0.0862103799477426,0.16743515409542,0.0469602250921571,0.0770242804483221,0.0746114167029477,0.128667502686533,0.0365303492100087,0.0469819524771981,0.0711760181822132,0.035324397792708,0.0962303703157047,0.0445033029389036,0.0739390880567903,0.086747845056888,0.0444778126974902,0.0803317578953341,0.901179424787303,0.0477732569208699,0.121400988453391,0.120321328862989,0.117218290498164,0.0673903945088994,0.0964679889673702,0.0522008718449983,0.0652987663880565,0.0347895982465633,0.0369582801318445,0.0694417110627398,0.0851390621593103,0.0889028339100019,0.118536758421104,0.775054909924134,0.105783435159291,0.0433227768766772,0.0906011506491863,0.078764767077522,0.0293785659787798,0.123524119941897,0.164135543340741,0.0693610159140048,0.105374033969412,0.0927329163794855,0.0709180820395156,0.0611628200031334,0.0409639126726927,0.0439996168793618,0.0383196140677701,0.0916771857345804,0.191125955659369,0.0620524150824957,0.121243247386714,0.045403289636391,0.0344604237514849,0.0522673222895342,0.0993499096973038,0.0454741976976212,0.276955184073625,0.0176837741627599,0.184341257737903,0.0540816058265694,0.0965392328610041,0.130593806268799,0.147363167084262,0.127053375688308
"Candeias",0.0971864653313606,0.0891096977202811,0.0691749535856585,0.0291757626349421,0.0458866371105101,0.038231076536796,0.0682253087485497,0.278964538115279,0.756119877499364,0.142876703265919,0.0709621530139171,0.113081997492952,0.0725188217458299,0.0481357924739559,0.0506408767919272,0,0.062005074561574,0.0438582507687752,0.113913075346738,0.0227518421976977,0.075053611237593,0.19032428938267,0.0662971773354734,0.0500251519903319,0.249234234103415,0.244394519856835,0.0421061128289043,0.110887002947448,0.119732057583589,0.0885189560216679,0.0500378209227243,0.118698400670352,0.0511649071476734,0.0868161067925863,0.190310352998595,0.0393862968972414,0.0393090460138647,0.0798941361974523,0.12776803702647,0.05997876921248,0.0400205361666651,0.0620014873123689,0.038828061518904,0.0786363827582386,0.0364923468908952,0.0385493339604693,0.0721454207038753,0.0303395519201178,0.057621700217446,0.900335253500607,0.0593071215051759,0.0917067350751236,0.107597412999716,0.115490735809594,0.0308246394269435,0.0478867206835782,0.0435856370341245,0.0697535071818687,0.0187572218614976,0.0400951454797697,0.0622133665495517,0.0843014623393049,0.0686639912133683,0.108462429455358,0.773261818824607,0.102200630608945,0.0424708765684026,0.0395263114133281,0.0771301077203331,0.0397856949672693,0.0968593292363875,0.162667997464767,0.0860224973407618,0.0757240936823215,0.0806959955319115,0.079220910939939,0.0224899314274828,0.0449116939283327,0.0305470013180274,0.0336348328121793,0.0973176586669402,0.212801831834838,0.0395724817372959,0.082598541508097,0.0593863421761749,0.0333207153092213,0.0575052004364355,0.122784863617639,0.0351979466562182,0.272818193183679,0.0529518307614971,0.179656199762504,0.0832881613643408,0.0923915538623827,0.112105598205591,0.141083122890533,0.1013452158722
"Canuma",0.093290753484931,0.0716941574174258,0.0621983674946181,0.075353155355374,0.0681725438871174,0.082420031448851,0.0872623752392542,0.241116668841777,0.737267699078602,0.109064200979687,0.0641071271543285,0.0968220889598768,0.071580866543056,0.0800458743914196,0.0836653846382876,0.062005074561574,0,0.0690258410834265,0.107964540532578,0.0597120314320693,0.0734564745390253,0.148931596969556,0.0667426453058836,0.0691503485775118,0.209010124531691,0.202073077472617,0.0809992352360744,0.0888309779188848,0.0767643885073303,0.0676318964751857,0.079595176199751,0.0779077156147054,0.0722785305593895,0.0627023889548605,0.191687962844627,0.0861940572866926,0.0681653487532253,0.0643433329429749,0.101492851921074,0.0513872398949078,0.0850712507179318,0.0611779051503931,0.0580578614414822,0.0601333913817946,0.0870224008006668,0.0953258901804162,0.0706846053320653,0.0851532003344848,0.0944618584380919,0.891945127274647,0.0663509414390977,0.0701458471305866,0.081273969284787,0.0711530941770305,0.0480819147533883,0.0709230843004575,0.0903901287815248,0.112020843792276,0.0666260375824117,0.0753814146899235,0.0829304710497932,0.082376038964152,0.068914747709073,0.0895381103186371,0.755550278891766,0.0781021123915661,0.084917446242271,0.0714380273846539,0.0624780706298855,0.0664500465318138,0.0803199434676495,0.132103401224212,0.0671424583611066,0.0529690632723267,0.0445775978465594,0.0658535540761165,0.0747147974787652,0.0873166465963704,0.0774671140505094,0.0760974609096405,0.0416217503698368,0.216713463145624,0.0693992306452299,0.044278133516451,0.0649263774707386,0.0663016327858085,0.0556582913463617,0.130166087749124,0.0893949130895201,0.2329250662384,0.0740840686618152,0.150369677966086,0.0637023302950212,0.042220729776383,0.0871330680804922,0.0990783928065113,0.087334318713269
"Caqueta1",0.0856495557206427,0.110681964834476,0.0739321274145155,0.0433727245239553,0.0302631047749562,0.035924388888337,0.0715954700075273,0.267566596618333,0.752632052568573,0.140313993086253,0.0766104268956309,0.109341162389527,0.0593100917390911,0.0438101373516831,0.0314580668329668,0.0438582507687752,0.0690258410834265,0,0.125234450677723,0.066394294789214,0.0657832381060662,0.182806715446093,0.0660702455413485,0.0493025264242128,0.241627759875749,0.237525382775955,0.0488420721099756,0.108819660752417,0.107490488784017,0.0941816423099366,0.0475740765801376,0.10588728317921,0.0333987349544072,0.0800714307276729,0.155193172332485,0.0474366240820051,0.0655780637786489,0.064412161245499,0.122775011788909,0.0416902602717581,0.045693904353584,0.0733880878425111,0.0295646941984657,0.0775289178603501,0.0445730861562802,0.0612953974103441,0.0643910016314246,0.0348671635369531,0.0637195509199648,0.898791043842804,0.0283357253422564,0.0978387434672197,0.0977000487239019,0.113069171505368,0.0666319541392087,0.0794496421984654,0.0433715464728121,0.0778034856479484,0.0432995749100861,0.0409038373491092,0.0499907289320385,0.0949748952613796,0.0631756596719541,0.10156905693596,0.769987037781675,0.0858101442968918,0.0505474052543941,0.0712013011164033,0.0554291044146668,0.023745495649636,0.113416271260033,0.155762008652307,0.071948783962891,0.085374923815418,0.0710470135784205,0.0713624453714714,0.0624966861254894,0.0529580574864355,0.0386313545481163,0.0478050697409804,0.0848797278863228,0.176252430420764,0.0487056561542815,0.095867782968096,0.0217166680783165,0.0401124802770671,0.0289701233970269,0.0942121728342185,0.0453743243376803,0.265310136971612,0.0300108056853846,0.169376409877867,0.0649027578520562,0.0958173307361897,0.123506553662061,0.133141254044052,0.098514698784572
"Chapare",0.18983359226965,0.0865985201043958,0.109083330011852,0.142618560032953,0.147960853551079,0.138805311415232,0.179150921530175,0.230346397808236,0.702734706099619,0.106835217094045,0.110988015444393,0.165134269559147,0.0910560919713076,0.152813793845369,0.145040187040585,0.113913075346738,0.107964540532578,0.125234450677723,0,0.109237409249758,0.107357243044493,0.149928507554771,0.0899210042738246,0.128909724775714,0.203387831748456,0.193545223433949,0.154682570763566,0.0741205962712094,0.150484473069664,0.0707690805413531,0.151155266703036,0.141597183322279,0.151966028177594,0.120526834698688,0.230102023236292,0.152618340938065,0.148766448521019,0.11756096493344,0.0886444998615439,0.149870938389885,0.153831137811971,0.106472971180572,0.126087413194423,0.110960090823571,0.14978278188452,0.0935905454561032,0.10170198289927,0.115629802360666,0.150525318310808,0.876294951163415,0.146281680644379,0.0911494475807676,0.115598799412061,0.121867645174455,0.125372674286045,0.136103701047752,0.148637397529917,0.18221870250772,0.12871012187343,0.137863573997969,0.164667286448343,0.106648623052541,0.0912222116062406,0.0953435833158295,0.723037209912807,0.112294528370102,0.155631010926548,0.134639476721152,0.100014977532946,0.141902787464409,0.0789162436692354,0.0850011174430114,0.124815854250572,0.0879264475960386,0.104694583855327,0.111681227477909,0.0978268853165033,0.15802003854351,0.143959141627524,0.146988441846635,0.12025190231797,0.304276629444517,0.147170221711065,0.0893470417877472,0.135965891426463,0.138251320444804,0.142554275255412,0.188981639299277,0.145582076744248,0.164411095266848,0.135650088631295,0.0942360811160581,0.130043073508153,0.114154474856702,0.0873819746086896,0.131486374854796,0.0919435725992003
"Coari",0.105672940832973,0.0839569273496399,0.0717851465709379,0.0351422979113129,0.0547649627309459,0.0445014294008468,0.0715523736429201,0.287171121424994,0.753537842797993,0.138605974036746,0.0736078771757192,0.105777783359775,0.0802615142286577,0.0563204610973878,0.0721917836540922,0.0227518421976977,0.0597120314320693,0.066394294789214,0.109237409249758,0,0.0786680118929176,0.185964673705988,0.081796791083455,0.0684522949674368,0.24508673343768,0.234563711362816,0.0503174885363354,0.117022865152165,0.117103315247614,0.0893136070759993,0.0578193846859306,0.122710595358816,0.0600430349394676,0.0881647641471869,0.210467201375581,0.0453485704670297,0.0445193172730085,0.0838458408108858,0.124849649004165,0.0636211740801341,0.0457157937396951,0.0658561550770954,0.0498952560903773,0.081067686833587,0.0424844936705096,0.0556421685438244,0.0766529595649522,0.0477342042978877,0.0642390119796661,0.899192424998048,0.0721022295296161,0.0932013363365299,0.109823861615646,0.123862854112482,0.0387170264500777,0.0373874364504812,0.0499032402322208,0.0757232589222164,0.0411885813121488,0.0579147395338295,0.0740632229039956,0.0825424350672913,0.0752729743972053,0.110492630357637,0.770837588286013,0.106219428654433,0.0484599759384807,0.0463452528957702,0.0834836803810246,0.04868508918676,0.0924009982769812,0.167166361245944,0.0899702200636764,0.0687146477855687,0.0782093610030158,0.0861178836359781,0.0177479140080466,0.0508711398226405,0.0365417534349672,0.0395996607706849,0.0947273650822684,0.234018733393428,0.0437429126206594,0.0648593935800479,0.0734842163421836,0.0378247337866777,0.0616532505282882,0.142272752042836,0.0444459018703676,0.26725431885167,0.0735584122157225,0.182260643283723,0.087136544277978,0.0921758338703857,0.106814742344386,0.136932742382002,0.105079562917423
"Curaray",0.11590725734498,0.0859251635693115,0.0252218943001932,0.0662428382376612,0.0617846300127319,0.0539277179750395,0.105826501692746,0.265744254303816,0.75326302882582,0.139622156545565,0.0279997239095807,0.153321420960404,0.0164620766133853,0.0699338325351473,0.0841106999379025,0.075053611237593,0.0734564745390253,0.0657832381060662,0.107357243044493,0.0786680118929176,0,0.183919614569729,0.0422609977102786,0.104260814547532,0.242999196656576,0.223936928172449,0.0555792217899868,0.102388944511774,0.089853650126434,0.0694007489546645,0.0652141846368689,0.095233843398955,0.0533250125411256,0.0651859207769107,0.226607127966819,0.0530672797885827,0.0766922339783066,0.0213664158645843,0.123278824988521,0.0849621990765651,0.0582439270813397,0.0266526489027446,0.0772222511164707,0.0304884037789205,0.0507333286480837,0.0996414762772045,0.0121196841115843,0.0789927091406333,0.0826807919353333,0.899070673087796,0.0774119921382817,0.0698309628427842,0.0874028437034016,0.112059017473488,0.0956729637480752,0.0973512739571932,0.0424968638939014,0.0932382455168517,0.0767735298066033,0.0839366187373103,0.0904575761767741,0.144812665569334,0.0165399817858446,0.0941186740475138,0.770579540394518,0.0564636766157722,0.0579578018177992,0.0977722454648507,0.0381878771449275,0.0560531286046033,0.0942897464392493,0.154096390870789,0.0281406754353306,0.0554736316391861,0.0492125715998658,0.0341829802275708,0.0901352141596092,0.0585485015269359,0.0585889901830424,0.0692555365839922,0.0672234289604735,0.250516541970781,0.0764581618952934,0.068423598888173,0.0797514204697221,0.0726637351377066,0.0778045996659516,0.162243082426085,0.0554765959845809,0.26666404139371,0.0880194750935658,0.16891510378621,0.0385525985845227,0.0891225752969336,0.109494028928527,0.137834218713936,0.0597403363940886
