"Abuna";"Amazon1";"Amazon2";"Amazon5";"Amazon8";"Amazon9";"Andira1";"Apaporis";"Apurimac1";"Arinos";"Aripuana";"Bacaja";"Beni";"Blanco_Baures";"Branco";"Candeias";"Canuma";"Caqueta1";"Chapare";"Coari";"Curaray";"Curua";"Curua_Una";"Demini";"Fresco";"Grande";"Guapore";"Huallaga";"Iriri";"Isiboro";"Itonamas";"Jamanxim";"Japura1";"Jari";"Jatapu";"Javary1";"Jiparana";"Jurua1";"Juruena1";"Jutai";"Luna";"Madera1";"Madera2";"Madera3";"Madera4";"Madera6";"Madre_Dios";"Mamore1";"Mamore2";"Mantaro";"Maranon1";"Maranon3";"Maranon5";"Marmelos";"Maues";"Napo1";"Napo2";"Negro1";"Negro2";"Negro3";"Negro5";"Nhamunda";"Orthon";"Pachitea";"Paru_Este";"Pastaza";"Purus1";"Purus2";"Purus3";"Putumayo";"Roosevelt";"Santiago";"Solimoes1";"Solimoes2";"Solimoes3";"Solimoes4";"Solimoes7";"Solimoes8";"Solimoes9";"Tapajos1";"Tapajos2";"Tapaua";"Tefe";"Teles_Pires";"Tigre";"Trombetas1";"Uatuma1";"Uaupes";"Ucayali1";"Ucayali2";"Unini";"Urubamba";"Xingu1";"Xingu3";"Xingu4";"Xingu6";"Yacuma"
"Abuna";0;0.230846096252533;0.153696923986411;0.131317861591008;0.137214523606698;0.140172331724754;0.178892096536263;0.416167731385686;0.927343162024237;0.427336246066838;0.173087985695495;0.195734609737501;0.158053201486296;0.177675969456356;0.155116622743565;0.19918171657478;0.170632939397545;0.16306544454978;0.294179077330109;0.147505173294491;0.214147941489102;0.342933476134966;0.276738430929361;0.250681500998458;0.421937865335706;0.357331538922196;0.197356963324892;0.319272814773693;0.225374248867643;0.261052884494209;0.187869532665004;0.185684795111547;0.114668624863215;0.26267100348332;0.338092576739758;0.121889589347593;0.187340255212861;0.136007749609689;0.30111515554395;0.171270627641257;0.113364624693173;0.217245839023392;0.136264817796971;0.153908340370063;0.181037395846184;0.201475533730765;0.177812510729737;0.168350044229689;0.189260041962024;0.984778221926713;0.208182239735553;0.241043882821295;0.316868683531748;0.234734938643836;0.169041191863835;0.222078095358244;0.184540624198933;0.200994569507342;0.213921501817382;0.235739529591398;0.187496532087846;0.227307043189803;0.155850905179858;0.294338382049384;0.875232443038755;0.187126705511163;0.159871569657919;0.150195157236874;0.124434268553414;0.118664186115656;0.326548700792689;0.306067299469225;0.150973903549934;0.171095748919339;0.178974443522191;0.155878762369482;0.153983967951816;0.156192742626363;0.154602718677268;0.145787432792831;0.173268696679999;0.370233546385523;0.119945771551884;0.1243932194315;0.223379610870504;0.131403899508677;0.210640255967654;0.175037695359408;0.135663719236577;0.567601735704806;0.135854511999979;0.33199380151775;0.151741704584865;0.207222226029417;0.230945733793072;0.242354511432947;0.228570023535361
"Amazon1";0.230846096252533;0;0.175986583328696;0.216603225201453;0.203118666340735;0.219809741838889;0.196285213547944;0.346373165473659;0.912994996754219;0.313917331071321;0.195781052037335;0.198733352446454;0.225172865832439;0.207451372128336;0.19865088253864;0.161226424732901;0.121803806818364;0.174663745400404;0.19081899666315;0.149440243027966;0.243983622433859;0.232832428004941;0.164799034415888;0.238439934947889;0.354898255828634;0.286010236132565;0.23181541168154;0.218406866122311;0.134514596758863;0.212446248010483;0.222781980579232;0.131119855447233;0.232130610891353;0.157870765644246;0.342471885834649;0.223946431033202;0.202431313136492;0.20197446002234;0.163373381686194;0.163786089085619;0.201944617311449;0.161277476866872;0.175514010853972;0.216390888437135;0.273175254863865;0.196690006610211;0.243274818319802;0.242587170756213;0.219665329070479;0.981664344422649;0.180533385542125;0.162314776683823;0.198118188506785;0.165408068110851;0.226861164809556;0.250674595612012;0.233373028758453;0.289515677180796;0.188493545846725;0.197411238814698;0.208166768461346;0.196445942439946;0.226345617870583;0.19426111463275;0.851396343738403;0.164091499212265;0.256390974798246;0.238278794781956;0.178138327626571;0.214079781694155;0.159831765708627;0.191703093907832;0.21257424513164;0.146175979928896;0.154500526981919;0.171434701052623;0.166034311900892;0.246366274224953;0.248428939644857;0.22659447160034;0.126232464193545;0.357146873406072;0.203709390760551;0.19181604281709;0.189786718237967;0.214322839653279;0.227226221632574;0.17564732143749;0.227561111111034;0.485965308884935;0.154619114607654;0.231389621665641;0.185995987508421;0.144341278573722;0.187140306457377;0.210167428072768;0.200870589466894
"Amazon2";0.153696923986411;0.175986583328696;0;0.0632276645804213;0.0630014554152506;0.0647022366912626;0.23480084402014;0.460341812793312;0.937061844768788;0.448772197445629;0.0592099536186694;0.275591402475142;0.111536703373972;0.179227655755551;0.0905677101607818;0.152974682276391;0.163046124241105;0.15071518858488;0.266647497517606;0.148916922001502;0.0915954186633671;0.374522094123102;0.253988046633708;0.296023057810859;0.475711793959714;0.402637046016732;0.177729853855909;0.29470188477009;0.217447899357424;0.256906280065048;0.183393829245359;0.20176248416522;0.085413654234694;0.20027620490443;0.430599933637374;0.0965757016612003;0.193088058355277;0.055756334742236;0.305455609243428;0.16183835311073;0.077888151787361;0.116216901146003;0.075348353518997;0.126781357807094;0.120587120015316;0.204351904730705;0.108619764372764;0.136277700734995;0.185409417365164;0.986866659669021;0.200373315925188;0.205699044912819;0.275205737200863;0.266147893281203;0.177019446645752;0.277870365150649;0.0869739461817446;0.134725802501904;0.144426798370897;0.196661968331366;0.2155803581143;0.282759425123822;0.108782840293376;0.272928127664981;0.891529236249153;0.169240687737774;0.0961902753273385;0.196239015171674;0.0857077052927974;0.0691744963250958;0.306976798564841;0.266011128657188;0.0670743851884749;0.0982038058450144;0.168363204376753;0.0431172778943478;0.0733151487168999;0.0908499012781312;0.0947835872547917;0.0759322363780447;0.154781548901871;0.451620588469013;0.070450367401735;0.11575701965804;0.225594602335149;0.0778094549614465;0.261451203458913;0.248978305919316;0.0860145959131852;0.599565004465304;0.140999219183933;0.330645970648118;0.0628205725884606;0.231228256909928;0.239857627915854;0.300786226940375;0.213378270780603
"Amazon5";0.131317861591008;0.216603225201453;0.0632276645804213;0;0.044796439889701;0.0612684103269999;0.19468203334055;0.496504752915482;0.942552455223197;0.485542401056446;0.0863584184937882;0.23682438625138;0.101921366601872;0.129486074508587;0.0729028935588608;0.136062291382501;0.183500524194235;0.106921306261225;0.295913526211889;0.114569412635004;0.123072229057889;0.414021728809192;0.300495147072814;0.266688163679643;0.511287301991223;0.44053576621187;0.124165742368268;0.339800769773646;0.248674313836356;0.259690156503738;0.137719696681007;0.20902902860903;0.0564779679337467;0.247069007245829;0.424299886483763;0.0576079993948546;0.143057961913672;0.0754286787060345;0.347312896018987;0.139057834452783;0.0466935381419658;0.138187267914438;0.0751150861831943;0.136311626519121;0.0739287089244421;0.166554819274653;0.10472123407959;0.0909745575846416;0.143852902055509;0.988039216805187;0.214261554815422;0.237234278383113;0.321313037919092;0.301568807761781;0.164647982652764;0.240960352960178;0.0961812281355117;0.0948011841511424;0.121176860362936;0.156093466330809;0.184604465614066;0.248733227861191;0.0956142652516889;0.318639956128845;0.900788583708083;0.184419603925391;0.0549063192902507;0.198383415808444;0.104953117285011;0.0322202722733306;0.348923481290016;0.30957329640384;0.0747151164647201;0.152626655962827;0.180676485119361;0.0791836644070936;0.0850523620163835;0.043733394835437;0.0545846806591033;0.0273317715220707;0.163685419709484;0.454210820190977;0.0337561373465;0.125471059529761;0.236763222980532;0.0365429317851284;0.209371323879324;0.21718561436019;0.0452478192972975;0.628780779237271;0.145194412660296;0.374632279239498;0.0786364308473495;0.235761105847855;0.271547139160771;0.31286060701565;0.212405871798206
"Amazon8";0.137214523606698;0.203118666340735;0.0630014554152506;0.044796439889701;0;0.0524163189076269;0.212672586590185;0.483791422919859;0.940701535284559;0.47298938096992;0.0677612401364361;0.244942686274465;0.0926095237929117;0.125303927146529;0.0581702851087594;0.103493545601185;0.165630394881416;0.111045781551758;0.263511690585227;0.135757696982026;0.109907809093095;0.399657618912781;0.287848614795698;0.247795273245265;0.499129224222295;0.424452686107959;0.117088531765987;0.321846806758437;0.232778745895925;0.240979281639488;0.126196968300712;0.210393975244221;0.0676516710510838;0.233501319980206;0.40216300564323;0.0853235341316269;0.144544957291822;0.077759797523226;0.332777859681921;0.14761340866421;0.0660605922333313;0.106615763492487;0.0576251167496773;0.132917685242765;0.0847543637907834;0.152372129406133;0.108055476129612;0.0992304200676788;0.148800589035513;0.987644527146477;0.197453285507557;0.205042981343256;0.303665875606323;0.286348037218421;0.147895818509669;0.224046133203586;0.0982471361241136;0.0973675433303019;0.0873130135984291;0.139774700259587;0.151527490429593;0.253108118735422;0.108510787525444;0.300566870316198;0.89766294958217;0.180951422469729;0.064373764871841;0.167515724046152;0.104487830094193;0.0355757593235462;0.339551443620647;0.294295877582233;0.0709001345210003;0.141527636520763;0.178157968550928;0.0661309603702434;0.0872138876812834;0.0698386595290039;0.0677080190081181;0.0574945637687057;0.162653576045952;0.441152352208566;0.0567032180323285;0.1143002527038;0.220126553472344;0.0409392241273708;0.199173372188815;0.226894259336821;0.0708307299260494;0.618823100393367;0.128585162525826;0.35717933621436;0.0870073420268819;0.241702852798143;0.245024345445526;0.312771326104416;0.202382341077487
"Amazon9";0.140172331724754;0.219809741838889;0.0647022366912626;0.0612684103269999;0.0524163189076269;0;0.212840411191681;0.48560973076364;0.940855323706599;0.474490436222784;0.0872489074001591;0.27062543331882;0.126362723443937;0.134392700808393;0.0768173593835852;0.125105821073977;0.177175908150691;0.146464321389256;0.287167476795186;0.126448803563138;0.109712635037154;0.405005045459525;0.287653322564532;0.272660273131484;0.500161670753214;0.434154058135049;0.149317985773862;0.339253331990374;0.261100943621931;0.266750257692621;0.156166924473004;0.233794803788678;0.0725933283762418;0.238431069498456;0.403975478756993;0.0773165221706011;0.148060059101079;0.0947767650829762;0.335010141342296;0.157299846253676;0.0578668769765024;0.139695823323331;0.0697914943235577;0.133630837220727;0.0852465729010674;0.158707943136228;0.122994168404323;0.0893807366150999;0.137509867813757;0.987677343648488;0.198227853459683;0.232996687824836;0.314776575189763;0.291903812745689;0.132048080812588;0.251564877124982;0.0884198499044751;0.10250659800137;0.128461165437813;0.155067639212895;0.18535644204605;0.264952092814341;0.114211560788128;0.321526718042472;0.897922486053165;0.202528917546387;0.0689699141536992;0.170199373972033;0.120402635791405;0.0621311438172116;0.33972225093399;0.306074976130076;0.100828595677549;0.131218805736513;0.188003847314083;0.0954635746373666;0.0675230777217414;0.0758155238296668;0.0566127822205057;0.0759567694665158;0.188157172786349;0.442229352537136;0.055323162963408;0.126699279409698;0.225748322008504;0.0556169116955819;0.237590215540374;0.233297823186609;0.0786492989289269;0.621544163060817;0.132420173007892;0.373668087662364;0.107461183202355;0.264657442573389;0.264549707387562;0.326406597625212;0.223567228901064
"Andira1";0.178892096536263;0.196285213547944;0.23480084402014;0.19468203334055;0.212672586590185;0.212840411191681;0;0.362627069126912;0.915957329831659;0.348133315432205;0.252554952628923;0.0977753950927076;0.250099761968934;0.14432514123754;0.213374954763742;0.189183069652606;0.131673210892615;0.139671931462826;0.23709493737922;0.115659015761174;0.30230148790584;0.247567418171418;0.227244810828991;0.159637181862174;0.354767449336551;0.283375478271485;0.198409673035598;0.212687840027922;0.136998453013867;0.192823590548187;0.188120460084398;0.131768552139502;0.198981402775897;0.270312238574512;0.279255337075333;0.196879751142564;0.162541203288494;0.233397478088386;0.281211275799035;0.140268844530704;0.170028869767153;0.224533315326647;0.208296335007305;0.193099462832929;0.253869399155693;0.167423589062887;0.266314471124278;0.216652219774868;0.185844951894736;0.98231025425799;0.158766146592269;0.211953299602292;0.240534611496859;0.125196400837484;0.1920738510248;0.146728503303607;0.258948609218105;0.270008343547527;0.196629198948024;0.162605349203143;0.165736358956218;0.101962588732247;0.231605107122059;0.215106333333847;0.862347702543356;0.180101965668563;0.232665792718254;0.19779396390466;0.21914121959856;0.198264376811969;0.207650493548849;0.288714616775248;0.247805042581781;0.246322319241226;0.113017244753723;0.248550760120586;0.215440592407138;0.229093861748383;0.21973170055868;0.208414958571837;0.150654685609475;0.286053909111633;0.178465386740552;0.229355177648379;0.149015409406152;0.193261062593932;0.116946748487329;0.114134760928292;0.20652637986959;0.498398702139419;0.184002232515629;0.251688006978895;0.222645015388267;0.144218459177777;0.251933736021464;0.16531153509521;0.177480235395396
"Apaporis";0.416167731385686;0.346373165473659;0.460341812793312;0.496504752915482;0.483791422919859;0.48560973076364;0.362627069126912;0;0.838857094665881;0.266754164604169;0.48120809084729;0.356933875600642;0.495900108468319;0.445774960226429;0.473959055602199;0.436783041142768;0.359724079432644;0.424101522337243;0.33736988004935;0.423672591116075;0.517105577761155;0.227273517628501;0.350176682317399;0.331051134619987;0.209050312984351;0.275086331191346;0.494145595483421;0.297892838296774;0.32044426123847;0.39270611604617;0.470516704268834;0.357104863318695;0.492327840889242;0.389091640154221;0.217206697998194;0.500875980872592;0.465150612947395;0.477155292589112;0.316577033554799;0.422130114748587;0.475350657424374;0.444271310065437;0.442198787761393;0.449819349455062;0.541264212051142;0.428744894236836;0.515349886518122;0.503151804552785;0.46757486688918;0.964891929445931;0.343030551325236;0.363982180376414;0.329708439860398;0.281136412154943;0.415897492911957;0.387004712777991;0.50563239537339;0.550807611088584;0.462541291993534;0.429035851197393;0.402394134931936;0.321889251613877;0.482779328321751;0.304478376148038;0.745086933101516;0.387120384657654;0.525669251980254;0.394633585495305;0.449846284857222;0.489270186604316;0.243298323979943;0.346848383071777;0.492970094202989;0.39591104960797;0.360874976673044;0.448332366753188;0.442958796298158;0.524121040717796;0.514738335045554;0.507652178207881;0.371482643202159;0.241704284545358;0.481398120405614;0.43622018126354;0.325407140723653;0.485260373652919;0.376931781488602;0.341375534509914;0.505621724193454;0.394597084075948;0.402185251675631;0.294672791085509;0.473243157328674;0.345317756528666;0.360515535969163;0.261076417527738;0.388567263528425
"Apurimac1";0.927343162024237;0.912994996754219;0.937061844768788;0.942552455223197;0.940701535284559;0.940855323706599;0.915957329831659;0.838857094665881;0;0.842739091293393;0.940312784622242;0.909332439239247;0.942507501436415;0.934857159297582;0.939215541506611;0.933005099438742;0.918167092642008;0.931150375797567;0.906107357743027;0.928546442732138;0.945609321856171;0.867016063392044;0.896427620717137;0.905913885391535;0.83243603319377;0.859941962870568;0.942247662839797;0.889695762165109;0.907373091606894;0.917818826115143;0.93869113646412;0.914032452525971;0.941857346653863;0.907015512161514;0.867761765015254;0.942678512444459;0.936928790558317;0.939447587159726;0.884953687107335;0.927919399321266;0.939095252079524;0.933856512096032;0.934222593080574;0.934455773094797;0.949050381817759;0.929665679970526;0.945355454710032;0.943577152596114;0.937738239991405;0.848126489557044;0.916402951286591;0.917506386493437;0.893751250439442;0.89572520181944;0.92844845837344;0.920948619551607;0.943860889880717;0.950383422696685;0.937117717693842;0.932106253983465;0.927825531923781;0.906294681562184;0.940549364691102;0.894233204598458;0.503906516871585;0.921792474668902;0.946840177185171;0.922256573112383;0.934009409178802;0.941522018358008;0.884533034130309;0.895359761608517;0.941738750543536;0.924013934738456;0.919304316455029;0.935165477388093;0.933155253004386;0.946448291099327;0.945266917460925;0.944134168862467;0.92157982793526;0.853939565395273;0.940138329895666;0.932432164644928;0.911124923406409;0.940922046428784;0.918464248370498;0.912077075570815;0.943836582100735;0.770304114810527;0.92416830905932;0.880177371041751;0.937740919727685;0.909366559222018;0.907625691892165;0.893264426501507;0.92318224670183
"Arinos";0.427336246066838;0.313917331071321;0.448772197445629;0.485542401056446;0.47298938096992;0.474490436222784;0.348133315432205;0.266754164604169;0.842739091293393;0;0.470155628847227;0.32802486425768;0.485690974920144;0.436002229352137;0.462808028355387;0.423293750575531;0.344106110468519;0.411450640843285;0.318475419025594;0.395407984962078;0.506885547979564;0.203281582691632;0.245485966174609;0.328994774105813;0.259947629576222;0.26022143289555;0.483272468389203;0.288652150434075;0.291314686427433;0.374986437216178;0.460498046770882;0.326613815765372;0.480821274977334;0.283679099556446;0.294899830228938;0.486221642282963;0.447702996413341;0.464356414031297;0.190795610931921;0.393187375241091;0.462243555377501;0.428066124905159;0.430632574857091;0.437863529886077;0.531086030117705;0.416247152512259;0.505183874875493;0.493396818781306;0.455544056158858;0.965863916224555;0.325352118899418;0.356128836927838;0.294379978345997;0.250053583067229;0.408217531381626;0.38365766217957;0.494699451490038;0.540778083570462;0.449215303735525;0.420040247845444;0.416391845535996;0.287585774527696;0.472474097919861;0.274246341144568;0.764747709461413;0.36031354030909;0.515451662119636;0.407873672223662;0.430698878487783;0.478328853090429;0.183004300532614;0.308397447693382;0.479802321262839;0.378798009954819;0.340436735128304;0.437304902242814;0.424870279162365;0.51247713372246;0.504160950666425;0.496263151259625;0.35446498460189;0.267466251300383;0.468982831363437;0.421337808488612;0.307212355755271;0.47455960800425;0.37038528214061;0.341680495948486;0.494260413879476;0.269987259276507;0.369541394178618;0.275437904437166;0.453248191571095;0.291365985076528;0.333329245722975;0.281923195957525;0.370530497555118
"Aripuana";0.173087985695495;0.195781052037335;0.0592099536186694;0.0863584184937882;0.0677612401364361;0.0872489074001591;0.252554952628923;0.48120809084729;0.940312784622242;0.470155628847227;0;0.278436390197335;0.0710216591307776;0.147775942628545;0.110646299565912;0.109336965251034;0.175521745967038;0.155438594514419;0.235075048196519;0.163501690460424;0.0761121973195879;0.397080739351055;0.284147280570206;0.283643175806414;0.49699995994913;0.42251735856311;0.134722382246768;0.319237582166966;0.231258798919536;0.204318450162354;0.139952924535744;0.212375504383107;0.118574403049043;0.238914868503152;0.434967667529347;0.111562309773879;0.148043849807739;0.0884067222643651;0.330015867899463;0.195120720498271;0.107375001725915;0.0837551672121761;0.09891027393924;0.0852911618468317;0.0947157679699093;0.172557918674372;0.0659326391649558;0.0986176833135521;0.146507937910397;0.987561554315952;0.227866891390067;0.179485722216775;0.30298944696782;0.283023321125937;0.156735541959929;0.225264363071388;0.127364856601682;0.10952067548727;0.126881354310698;0.173781839535483;0.183474455747024;0.29307838532026;0.0714078414675871;0.297722310626131;0.897007019149847;0.186202052397527;0.0732754110864635;0.175225671219145;0.100351024594317;0.0858088907671514;0.33150478306242;0.296405310372925;0.0800120170397578;0.138716182388836;0.178155127320675;0.0830499176452696;0.109621815635679;0.106246689496722;0.0721520581469728;0.0937653097569111;0.162740804495448;0.470670711387921;0.0856566362245366;0.0879528181447019;0.249732077105383;0.0905865242281452;0.240710525385928;0.266811917662741;0.0964107537316592;0.617198343059273;0.162771802810616;0.354267139250884;0.0979562962093707;0.245250157035585;0.223056864055108;0.314544432043115;0.174366218292017
"Bacaja";0.195734609737501;0.198733352446454;0.275591402475142;0.23682438625138;0.244942686274465;0.27062543331882;0.0977753950927076;0.356933875600642;0.909332439239247;0.32802486425768;0.278436390197335;0;0.271718644929249;0.199228100953417;0.242720759136691;0.217209384756045;0.153565808313286;0.151891629181391;0.216208873919449;0.167250158594385;0.333571394444902;0.21068340593749;0.26924063319785;0.131395698382686;0.330322408882274;0.25693782876948;0.236514496093522;0.209516175429838;0.123868393608595;0.187349984311122;0.212861771916529;0.120530495648913;0.256784895140169;0.287699963058186;0.259436858016488;0.249548148585866;0.196596876216067;0.262999080160598;0.280218716952893;0.194726523346072;0.232612984724644;0.245126107670686;0.244105504002552;0.224621535793973;0.294554756150522;0.191040314903833;0.291396380607016;0.264574584663164;0.227540695484281;0.980863165121434;0.193797909415717;0.218162794600292;0.259640917264175;0.130502704164578;0.234827276759641;0.131483159464436;0.3046106834002;0.311337576678092;0.2164438902956;0.188473157915387;0.164341304196567;0.0993852929126761;0.258981494452826;0.20730041786427;0.852444308377352;0.183246136256217;0.281128582574854;0.200126930322116;0.232307784490251;0.23073231629122;0.214699722737415;0.301939355207041;0.269352941761789;0.285760130674042;0.150191479381892;0.273178889838203;0.259981358286491;0.266358463879701;0.27327395190265;0.251332384732143;0.158648603245264;0.271288864401427;0.2242516908996;0.238530870509341;0.181153665285801;0.240373764923727;0.110730353692709;0.149482867607552;0.25183520949796;0.467739130613079;0.226566423324134;0.235565473275802;0.234528461017787;0.119293075522068;0.241820721443681;0.137708889502006;0.194825026915774
"Beni";0.158053201486296;0.225172865832439;0.111536703373972;0.101921366601872;0.0926095237929117;0.126362723443937;0.250099761968934;0.495900108468319;0.942507501436415;0.485690974920144;0.0710216591307776;0.271718644929249;0;0.132368047073672;0.115433787874597;0.132700514466756;0.194963616969233;0.143026453840366;0.250136242374685;0.174254985914668;0.0950316765375194;0.413071351003082;0.305801663329984;0.288661639085411;0.510991695921714;0.436894321462346;0.0864758104254227;0.329882493187764;0.249796501369522;0.183703498910867;0.0997021832683017;0.20908748494381;0.0957432245484633;0.268627814461999;0.448027924754753;0.0986466098091019;0.134321809446296;0.0727947990664758;0.349788965234114;0.187402268317498;0.124992478707616;0.108264401319213;0.130690021250226;0.0993045702186506;0.0692031284104027;0.171503645644336;0.02614450743501;0.0878268758645112;0.137159743858589;0.988029637928611;0.236847134151135;0.191462270926723;0.316492417158318;0.302001559753963;0.191068724935491;0.212464347013426;0.137578109767885;0.0987424597817536;0.137115671087389;0.182240062260106;0.175791928898561;0.294782352505214;0.0517407201254997;0.310466845466793;0.900712619290579;0.171893645240039;0.0863253332263498;0.19406977140284;0.0913845681624276;0.0911509909695132;0.354524772253907;0.312015697976363;0.0601277593467994;0.177366886399582;0.177720932358876;0.101466760793462;0.153945010024227;0.0943432498213754;0.0911205278748074;0.0940768312246103;0.163299847526681;0.484285277289968;0.111261349108127;0.0901189864765402;0.258723861400465;0.104117858120329;0.228410893509005;0.261683000111169;0.0836365793645885;0.628537244871331;0.181168679379483;0.36705145691214;0.0941050171130455;0.241147286404358;0.242154756380728;0.312507909577873;0.148977758241558
"Blanco_Baures";0.177675969456356;0.207451372128336;0.179227655755551;0.129486074508587;0.125303927146529;0.134392700808393;0.14432514123754;0.445774960226429;0.934857159297582;0.436002229352137;0.147775942628545;0.199228100953417;0.132368047073672;0;0.15853791051225;0.0716280887480329;0.140843068581155;0.0852099109644;0.221032077360749;0.0976634149209425;0.197585961545112;0.36026540888961;0.256932462162525;0.215200521990558;0.462402856243392;0.389865874076574;0.0620357238915495;0.293490042383072;0.216115050581125;0.168584807608163;0.0546123418798257;0.164325559215647;0.143146780763864;0.25090297056097;0.360724991277939;0.145169657275613;0.0560988374398007;0.167345973172685;0.299965625707421;0.13273630148723;0.130027319326581;0.113081691915375;0.151896931730294;0.136625452037615;0.125856057095661;0.0595773040877322;0.151291300648363;0.0918174219899401;0.0516742190100736;0.986394352657914;0.168318040710366;0.161823887808173;0.274438564789496;0.246295980293364;0.167167411873452;0.125021487766191;0.198076309692737;0.139244491672869;0.101430793154097;0.110320735152555;0.109316116892841;0.195823973448168;0.12864779303336;0.286331079299194;0.887821938658275;0.153512239276532;0.105013351608953;0.178708201014552;0.180496718819052;0.120010181476479;0.304631233115857;0.285059955122184;0.172868735557371;0.226421301233722;0.122344802226357;0.184071287360458;0.172159149685376;0.158864050975076;0.0917546089559427;0.144428204420956;0.123122457950687;0.40126283137963;0.122068861408145;0.123611961955851;0.184949939792189;0.108621688207864;0.141356491107651;0.158142392199734;0.14046554627426;0.590173932415394;0.188814953138429;0.331551331700191;0.186410412653249;0.206735044580176;0.25445028312872;0.257216761820515;0.115526908303654
"Branco";0.155116622743565;0.19865088253864;0.0905677101607818;0.0729028935588608;0.0581702851087594;0.0768173593835852;0.213374954763742;0.473959055602199;0.939215541506611;0.462808028355387;0.110646299565912;0.242720759136691;0.115433787874597;0.15853791051225;0;0.133197805133889;0.180356315366039;0.135597747608993;0.291139925425266;0.152181435618573;0.12479593615631;0.390511804144671;0.276807073270804;0.246215522758786;0.49010014395271;0.423901394007649;0.140232727432518;0.321095855124213;0.232640473587142;0.265652944761746;0.152859206902003;0.210118777511015;0.0599724992201666;0.223360817617793;0.398021870488964;0.0780870286376692;0.17831405945635;0.0847917386890518;0.321385145092801;0.122849758336264;0.0757846259519387;0.131448029342669;0.0713519004266419;0.165976406850488;0.0949402706350429;0.177148071973399;0.128877874644375;0.096420981958678;0.164772881176298;0.987327222661253;0.181800429273714;0.222338383333627;0.300970589058088;0.277465560716198;0.170342698441079;0.259006503963299;0.0900945896607158;0.110925374190406;0.124660788006185;0.154182659456975;0.182585086470215;0.248183025295126;0.14152139418087;0.306030952165779;0.895156693304648;0.193030452308885;0.109644970134685;0.191011584828443;0.10382526151301;0.0660871532275277;0.329241999175696;0.286586122745962;0.0859923205695886;0.138289593242841;0.191446766411266;0.0890470599754904;0.0848562628101009;0.0741352133450727;0.102100753729655;0.0633450962819278;0.165421461776675;0.431245271083046;0.0755612031541238;0.139826145120831;0.210653617551725;0.0731358751593876;0.235650314687424;0.220635270635837;0.0694564999484708;0.610950927611914;0.11425080088707;0.356418112288472;0.0682005315405059;0.236822918867123;0.253212965037662;0.307425355247062;0.225494267434448
"Candeias";0.19918171657478;0.161226424732901;0.152974682276391;0.136062291382501;0.103493545601185;0.125105821073977;0.189183069652606;0.436783041142768;0.933005099438742;0.423293750575531;0.109336965251034;0.217209384756045;0.132700514466756;0.0716280887480329;0.133197805133889;0;0.129598861722142;0.105357200824614;0.184039528020344;0.102789769361094;0.163956194269898;0.346783524451039;0.243773974415027;0.217627253723267;0.450510985938763;0.378700808876182;0.0906071584121223;0.273299405740005;0.199652164328789;0.169076347229945;0.0921610066147267;0.186337900714522;0.155486144517545;0.212577108143935;0.358542606657958;0.156472166925501;0.0908806264231344;0.163091847863881;0.275826331123229;0.151458411338259;0.151164197530351;0.0659996513384046;0.113956342574034;0.145969120305375;0.140107318389849;0.08021766026551;0.1523395772525;0.111238387735607;0.0920936644204624;0.985996929555895;0.162673490254918;0.140651590117053;0.258378534285052;0.236516989339317;0.15428892775839;0.158997273656889;0.173760078585462;0.153624533846895;0.0675390030011395;0.112631643979938;0.117072845830576;0.214399509894541;0.138822585174094;0.254353653569177;0.884712311475484;0.158962672957853;0.120172555269064;0.161569577710929;0.168370793434581;0.12832144839006;0.283081989336302;0.25411789720095;0.165207921174416;0.192979107319526;0.144824855011322;0.147617562807201;0.12347057206381;0.165715819751872;0.112390473699841;0.150420229590716;0.141623316260228;0.397200417107239;0.133379040140448;0.134650949754723;0.180463046236876;0.116270003913057;0.178337068277119;0.197705830476041;0.147873510601054;0.578406036081061;0.168693991114871;0.310764450634271;0.176174147799134;0.21475266449205;0.222137802804586;0.27200364911011;0.13482536758448
"Canuma";0.170632939397545;0.121803806818364;0.163046124241105;0.183500524194235;0.165630394881416;0.177175908150691;0.131673210892615;0.359724079432644;0.918167092642008;0.344106110468519;0.175521745967038;0.153565808313286;0.194963616969233;0.140843068581155;0.180356315366039;0.129598861722142;0;0.118772597830202;0.183049638581497;0.10215660820749;0.232648314555743;0.259310725594893;0.175771959543089;0.177561829177496;0.36741794566291;0.305140790712575;0.182989323861733;0.210165058430853;0.13398809834112;0.17177526936371;0.168497574315002;0.106806082161883;0.18470559245383;0.211999468968641;0.301141464114001;0.187580437512187;0.158017352897368;0.175352962259055;0.215448023339695;0.15302648941708;0.181656413094225;0.133165615192725;0.149235000807204;0.162921542467631;0.242889296974378;0.137858496763391;0.216565838004917;0.205567312854112;0.170918976716743;0.982791047021008;0.138002134722765;0.155189086427344;0.21497621160149;0.1417679801701;0.170257540892168;0.176658366578443;0.220457610321056;0.25289683926736;0.145142414835508;0.15047250648505;0.130489577160987;0.153420476752164;0.188609489949405;0.187332046037873;0.859953353254245;0.130217554694346;0.219477451343876;0.177003196053259;0.158703942912392;0.175984950402237;0.199531670116701;0.22500028517744;0.188224718749112;0.186943603848325;0.0808276520121609;0.169252260436643;0.160420780730088;0.217616831870828;0.208091337738422;0.19796674711432;0.100345404354162;0.333678123742838;0.168997170333453;0.155929220124751;0.152334045700141;0.168678966700326;0.147587907081084;0.146728656159567;0.197568196301543;0.508900885945716;0.157931579102321;0.245826209905403;0.185337993559041;0.134346224367054;0.20759884316768;0.18247720257164;0.152712640796349
"Caqueta1";0.16306544454978;0.174663745400404;0.15071518858488;0.106921306261225;0.111045781551758;0.146464321389256;0.139671931462826;0.424101522337243;0.931150375797567;0.411450640843285;0.155438594514419;0.151891629181391;0.143026453840366;0.0852099109644;0.135597747608993;0.105357200824614;0.118772597830202;0;0.211753698286911;0.086976316799681;0.20011297872006;0.333218843812588;0.228632475759844;0.190903404950434;0.439342573579207;0.36450137309664;0.105300892910702;0.27215111939919;0.17115546133422;0.195794054610172;0.0839319929632127;0.125224756652679;0.123753570891138;0.213288159103909;0.3484643106812;0.138912346729139;0.114346272003868;0.131973286455767;0.274645063738723;0.107018023599713;0.123061151557589;0.120506876969569;0.129088517813583;0.170051121395095;0.15728652691504;0.113500301223427;0.164156111410067;0.141670696247643;0.126770797039931;0.985598330706657;0.134937535095496;0.159221418214461;0.248657568313162;0.21628016027627;0.208834980459341;0.161873223332853;0.17834485126604;0.174051421741043;0.0901713007904586;0.115806316958467;0.107205024957884;0.182958409675616;0.153271245013266;0.240187439016608;0.881602513444282;0.11164959183354;0.142869040269298;0.204228001024431;0.136258329619452;0.0937075856937564;0.282874347338557;0.250267855557183;0.138058202034818;0.207340201554483;0.112393630818118;0.146918872204848;0.152597080254855;0.132610426762927;0.134687542854052;0.116320412879072;0.0838000358741608;0.379713638342641;0.107504814635642;0.14995292771987;0.156931543288893;0.112713773293672;0.12126680468323;0.14297777081518;0.120575026479649;0.56933103516359;0.173661409191508;0.298738775097075;0.141407503979819;0.159123107050307;0.253346614414467;0.225525756367132;0.157447873221863
"Chapare";0.294179077330109;0.19081899666315;0.266647497517606;0.295913526211889;0.263511690585227;0.287167476795186;0.23709493737922;0.33736988004935;0.906107357743027;0.318475419025594;0.235075048196519;0.216208873919449;0.250136242374685;0.221032077360749;0.291139925425266;0.184039528020344;0.183049638581497;0.211753698286911;0;0.220844811281822;0.278252984251151;0.213254280949628;0.275443264607125;0.213422828962082;0.329678439759836;0.253763441261788;0.24968109186744;0.171347770336976;0.15957598309396;0.132222628860474;0.222846341244819;0.210138904950711;0.308901023062911;0.294035559922654;0.315304641915356;0.300681398866893;0.226051951606236;0.276596816186776;0.241053623361766;0.288101209774161;0.305457483636525;0.190654061571246;0.245025807548648;0.208385673014118;0.306607842069359;0.19397770637345;0.27369978269594;0.2723339112092;0.242638974964809;0.980156436801634;0.192950792971588;0.124522823973368;0.202340867121147;0.184996633013015;0.233581714663488;0.197764973483593;0.315589864448734;0.322546690773123;0.222014392862343;0.242828850086961;0.202532466297918;0.217943004703787;0.244160934210362;0.148370547243484;0.845950701533425;0.174655736785081;0.294917134034005;0.187831553560813;0.242027715845956;0.282021432662625;0.188941042636905;0.223443293771057;0.277266215218109;0.261310837671907;0.160496843727889;0.249547766071003;0.25472115379109;0.317459922498733;0.288428272647275;0.305658218092564;0.19679684723974;0.367694266783601;0.285458562615257;0.214192257234222;0.185235667498983;0.280076519684922;0.191044032185895;0.275295182269633;0.304428805095734;0.457918043953311;0.264743991520602;0.175019495715898;0.293696926195954;0.20336184487794;0.161594732971148;0.228226892566325;0.155720902504246
"Coari";0.147505173294491;0.149440243027966;0.148916922001502;0.114569412635004;0.135757696982026;0.126448803563138;0.115659015761174;0.423672591116075;0.928546442732138;0.395407984962078;0.163501690460424;0.167250158594385;0.174254985914668;0.0976634149209425;0.152181435618573;0.102789769361094;0.10215660820749;0.086976316799681;0.220844811281822;0;0.214377261126726;0.322769687904323;0.217714965564695;0.219678490102095;0.423967341893192;0.357938899467807;0.133021876447664;0.265843530777308;0.197385649874248;0.201320227173104;0.130088761775708;0.147892353263525;0.124748948981824;0.22133862733457;0.34354653917844;0.113380970079846;0.098724718504885;0.155719651132437;0.247178436163065;0.114918885359767;0.113624915843378;0.135215970550768;0.131742547129882;0.166776811022841;0.172694557445802;0.112889241374978;0.184220931046278;0.143302385233383;0.115635436304329;0.985037696318584;0.151156629502295;0.192901161017207;0.255378332968807;0.208888855449683;0.17054469925008;0.176169879689907;0.176797315060775;0.192971368992561;0.113637720757031;0.141102813821354;0.154487351258791;0.155983629958482;0.164959483826151;0.248676216915032;0.877243770121736;0.145797543537971;0.152595871959527;0.203944558094436;0.146311831285492;0.124342819925326;0.252525692107022;0.255940366016464;0.166681720963715;0.189023602432915;0.104347214984556;0.168322711287109;0.11305234839606;0.14776308857808;0.137179474788896;0.128210227655872;0.121423074059407;0.375099595167013;0.104863251594523;0.158343753983806;0.171229045741712;0.120669585381211;0.162115558258291;0.143209030208908;0.124089942894751;0.558860437459455;0.157041768546651;0.307090888667625;0.168237608572134;0.172127674980227;0.254325829067953;0.228402781476029;0.1704294646699
"Curaray";0.214147941489102;0.243983622433859;0.0915954186633671;0.123072229057889;0.109907809093095;0.109712635037154;0.30230148790584;0.517105577761155;0.945609321856171;0.506885547979564;0.0761121973195879;0.333571394444902;0.0950316765375194;0.197585961545112;0.12479593615631;0.163956194269898;0.232648314555743;0.20011297872006;0.278252984251151;0.214377261126726;0;0.436436998836245;0.32629301938158;0.338964625161861;0.53176098479072;0.459388921733365;0.166544640441935;0.353200682300257;0.280056627110912;0.255270156199327;0.179500744626635;0.267515979333534;0.125280442769077;0.272699674928315;0.477718668537669;0.126247860011321;0.199328999704929;0.0949253027007935;0.372199331880756;0.22529308310502;0.142772900921864;0.125008870864574;0.138285315544503;0.141733334622755;0.0993511393776368;0.222167779709205;0.0822308066712646;0.133972381199606;0.18197856263996;0.988689759847692;0.257466833244032;0.212301362310528;0.335246627813149;0.335926396157033;0.210104909731832;0.280748735460093;0.0645850169042937;0.121693251540503;0.167285816736888;0.222457328971713;0.234301824182578;0.347466468770105;0.117078705847884;0.332996610821146;0.905960182838832;0.21495835257405;0.107940777314273;0.219311436974974;0.130558502109559;0.119764120385912;0.373735578772303;0.328484582516727;0.0915948244176854;0.172553094825954;0.233695584605763;0.106575790393708;0.141206916607354;0.104887184041793;0.114109756370522;0.112487570166175;0.220000307990473;0.506151220736074;0.131421809680407;0.147557817563997;0.28546222746613;0.133153378370934;0.297063088207746;0.318292615248446;0.112127291264927;0.645486847466789;0.209599318426294;0.390227083347556;0.114063716223581;0.298752619238602;0.26828683806556;0.36412600569017;0.21641519001941
"Curua";0.342933476134966;0.232832428004941;0.374522094123102;0.414021728809192;0.399657618912781;0.405005045459525;0.247567418171418;0.227273517628501;0.867016063392044;0.203281582691632;0.397080739351055;0.21068340593749;0.413071351003082;0.36026540888961;0.390511804144671;0.346783524451039;0.259310725594893;0.333218843812588;0.213254280949628;0.322769687904323;0.436436998836245;0;0.279274559139224;0.232955841918644;0.193672352157641;0.173805348566942;0.411017272161928;0.167598435733078;0.194328929645854;0.277583179772055;0.385383195656997;0.238204202022391;0.412577163191512;0.312036892407419;0.239009802665594;0.416478167574526;0.373078279555397;0.391789320081733;0.22884762188619;0.329326261527031;0.391715167703964;0.351951533929471;0.356710042677302;0.357638166691383;0.463521297007918;0.328536397439629;0.434437009558567;0.423120934853057;0.382204630385129;0.971432699318507;0.250697963877853;0.25371163079204;0.220845747770319;0.169859082068911;0.332553989427584;0.287415990018042;0.423329653830699;0.473982021934164;0.3742626863617;0.34213420652338;0.31658196901485;0.229626865609553;0.400604411091853;0.156506384637238;0.785931033237228;0.278274262160695;0.446254463720664;0.289868630338871;0.353215117386938;0.405617596921148;0.136694492263046;0.233030071788141;0.408169560096374;0.307494480445092;0.262387680219988;0.365112912304628;0.35362671562318;0.442780382145602;0.435477303901344;0.425169191763053;0.274180750976942;0.246570456530453;0.395554654509021;0.348569065358836;0.233585119192791;0.402533751467366;0.277509061311738;0.267457684886875;0.422837865203648;0.323191609794106;0.305352915713783;0.15567778636602;0.379681327034959;0.233608566504149;0.226702231985004;0.192990562684105;0.290881795342058
