"Abuna";"Amazon1";"Amazon2";"Amazon5";"Amazon8";"Amazon9";"Andira1";"Apaporis";"Apurimac1";"Arinos";"Aripuana";"Bacaja";"Beni";"Blanco_Baures";"Branco";"Candeias";"Canuma";"Caqueta1";"Chapare";"Coari";"Curaray";"Curua";"Curua_Una";"Demini";"Fresco";"Grande";"Guapore";"Huallaga";"Iriri";"Isiboro";"Itonamas";"Jamanxim";"Japura1";"Jari";"Jatapu";"Javary1";"Jiparana";"Jurua1";"Juruena1";"Jutai";"Luna";"Madera1";"Madera2";"Madera3";"Madera4";"Madera6";"Madre_Dios";"Mamore1";"Mamore2";"Mantaro";"Maranon1";"Maranon3";"Maranon5";"Marmelos";"Maues";"Napo1";"Napo2";"Negro1";"Negro2";"Negro3";"Negro5";"Nhamunda";"Orthon";"Pachitea";"Paru_Este";"Pastaza";"Purus1";"Purus2";"Purus3";"Putumayo";"Roosevelt";"Santiago";"Solimoes1";"Solimoes2";"Solimoes3";"Solimoes4";"Solimoes7";"Solimoes8";"Solimoes9";"Tapajos1";"Tapajos2";"Tapaua";"Tefe";"Teles_Pires";"Tigre";"Trombetas1";"Uatuma1";"Uaupes";"Ucayali1";"Ucayali2";"Unini";"Urubamba";"Xingu1";"Xingu3";"Xingu4";"Xingu6";"Yacuma"
"Abuna";0;0.151446317650939;0.0858921507138879;0.0119906741839288;0.0363696319815597;0.0382518323705572;0.111733334037026;0.0279835240432452;0;0.06536734203081;0.0798600054787947;0.0913064593322191;0.0428305364896205;0.128462013704536;0.0694951022492217;0.164066265604248;0.116026917121088;0.139052902361267;0.185951137673561;0.140056553550697;0.077216075114214;0.0507217867032732;0.114460493622936;0.13458406347108;0.00980558159171759;0.0367941281746044;0.0898810199429909;0.132617784301892;0.113749786130743;0.2105444403067;0.109875416810783;0.107733077612484;0;0.154498279580144;0.0399020430060699;7.94800840615133e-08;0.123257800967302;0.0463962974356391;0.0848002321495916;0.167833175567557;0.0245979464555958;0.177252868251048;0.0893945606202719;0.106270399312561;0;0.187794435374366;0.0371967516616355;0.0441985898237154;0.119029036064086;0;0.145968314647148;0.187457293697838;0.150090404746644;0.0590664531002957;0.1623811004752;0.186436820123493;0.0600524591965516;0.00848546672999395;0.150523495888525;0.207920527644404;0.184679039490814;0.109881879965606;0.0585579108587474;0.124574546155356;0;0.154813009123408;0;0.119245346769838;0.0785431014526458;0.00778980758517534;0.11599034904981;0.144901146698993;0.0421281169663929;0.151355023592288;0.131645149324268;0.103037305456556;0.115817263160029;0;0.0109608980977332;0.0125772625528219;0.139141292726008;0.0269540994069034;0.0223462821699252;0.0901761558044841;0.132671336642687;0.0278187550590155;0.160359175303421;0.0843851643602768;0.00396520166112104;0.0396390236130897;0.116230358487232;0.101355038810384;0.0782385361354177;0.104493173384245;0.121540393577699;0.0546343039617326;0.205598571195538
"Amazon1";0.151446317650939;0;0.0112744261943952;0.00590369813832564;0.00848469605377869;0.0276965274453717;0.181476335047121;0.0420812868090927;0;0.0131744112624076;0.00337236445641824;0.181058497118016;0.0172578417299612;0.0684117719911593;0.0179513259057327;0.0302664820722606;0.0927892258501971;0.0608955590060061;0.157212404900904;0.0526708720611224;0.0070092990857088;0.0156836915712832;0.0809372270603849;0.205800439764405;0.0288745010087547;0.0519333186762993;0.0284169587718211;0.107646017899318;0.105194636143932;0.188281294342091;0.0524980579986537;0.12564798281621;0.0328750910828779;0.127521789660432;0.153206604669767;0.0138707640098919;0.0442210521830852;0.0197361368638663;0.0203243048254242;0.0732791011670732;0.023167140809408;0.0229962479178172;0.0364247762321492;0.0822699368290529;0.00430356616853603;0.0971596772308185;0.00901802466106172;0.0279860821409912;0.0575581305239172;0;0.163070328318239;0.138367449919627;0.104462787935504;0.0780220900298159;0.139573990019174;0.211264076545037;0.0130379809417558;0.00964909447816684;0.0257603547111902;0.0793142766504516;0.123113086027096;0.163983883075342;0.0389035318017283;0.102535428061734;6.27008890779946e-05;0.11493798772992;0.00890868424170249;0.190843299093066;0.0413276077544759;0.0136654920811358;0.0139895951749889;0.105262789538952;0.00949783795005518;0.0814527299317189;0.119943868849699;0.023325616570668;0.034553277314423;0.000266027771092436;0.0167795711746452;0.00124619787332099;0.076230618099981;0.121705081907529;0.014965845797717;0.0702843992622305;0.180674487776087;0.0201761863677003;0.20012939904681;0.171098814895663;0.00582651418166428;0.00971430640479289;0.0895058024551443;0.0771945997942255;0.0168687062752948;0.125652251536184;0.160843908589096;0.115542915686186;0.145472008435014
"Amazon2";0.0858921507138879;0.0112744261943952;0;0.0170066227437029;0.0333110288408703;0.0337331479167582;0.100879433384173;0.000796379266085277;0;0.000358890752177624;0.0327568371669359;0.108421518183375;0.0680921758468192;0.164368079101124;0.0739328604543924;0.124730622135811;0.0320548766706449;0.109408662743825;0.0774240186883645;0.0892088563714412;0.017898504958067;0.00167376650002279;1.50893897957192e-05;0.113071459504332;1.6743221967928e-05;0.0090949089254646;0.139612850656039;0.0138131687106458;0.0239146627335374;0.138439876268337;0.172190560635874;0.0491518342439069;0.0464714575694301;7.65826023046084e-05;0.0873610292530778;0.0508764007356754;0.192207360170577;0.0365505221234192;0.000391558025474069;0.0986863283620522;0.0619948786827663;0.0929423911752747;0.0537827518654344;0.108090185532025;0.0137617043513511;0.155897693884417;0.0387778229210043;0.0847891597172052;0.180840902560038;0;0.0634133956411146;0.0769920191864149;0.0118323140218743;0.0119017603538338;0.118615599186122;0.181627645402807;0.0298889360540715;0.0147926818606771;0.144034346143332;0.16392422427521;0.155867843926139;0.0988312509067685;0.0817930039971455;0.0117335391728747;0;0.0643647536043526;0.0103650809804478;0.0978791469966801;0.0627800852261321;0.032523635925246;5.51105124946694e-05;0.00942004573195324;0.0284125596405459;0.00103494099695073;0.0461105315544158;0.0282185539843792;0.0435608752239287;0.00858397906692856;0.0247282129410208;0.0155406798440142;0.0465823452919439;0.0608713179564362;0.0457879815889776;0.0820977770328257;0.0586071991044088;0.0467021971560349;0.147696779970344;0.0930559384671786;0.0290985520159061;0.000201613604530633;0.0495439948875499;0.00888245685736052;0.0575434853336937;0.0540542782065337;0.0534907115433178;0.0437633740204231;0.12317788848649
"Amazon5";0.0119906741839288;0.00590369813832564;0.0170066227437029;0;0.0289382598374311;0.0469797242174905;9.57936404817576e-05;0.000601232577912651;0;0.000358890752177624;0.0680007810435605;0.00567329498860039;0.101559585007417;0.0692189227311413;0.0451331002468822;0.0617841436682949;0.00281339438794257;0.0151332390167266;0.0615736008546422;0.00263401256732358;0.0977009076799224;0.00133689839959959;0.00434100685628326;0.0211245298259326;0;0.0079854110339015;0.121773253319817;0.0183520943714676;0.00745665848394777;0.093493486343864;0.107824320427561;0.00385778305419616;0.0505987996222887;0.00283308370115543;0.0146117040322063;0.0565411352656332;0.0997482058829679;0.0496634472220527;0.000139793537316876;0.0253085523515643;0.0171074994566789;0.0707292032948743;0.0057808739734039;0.0733850817874537;0.0131284353886269;0.0696673194717079;0.0810804579219771;0.0824760257168307;0.106826858358433;0;0.0276308249789319;0.063804989083467;0.016870281665872;0.00125489219267889;0.0582992742605744;0.0923640155252295;0.0853370881029657;0.0212550515908625;0.0782575660639544;0.0766697400629835;0.0761765389033269;0;0.0793640875585804;0.0160935942383499;0;0.0310583115072171;0.0156648558478908;0.0510532091121019;0.036130929153512;0.0232793130156243;0;0.0103267011553218;0.0679654857762729;0.0105017520875325;0.00792241175872082;0.0179979224158134;0.00763174883936976;0.00792098441899024;0.0304476536430958;0.0131551230543949;0.00479686891030754;0;0.0128274305984213;0.0457466266676432;0.0182845671935632;0.0224549328207534;0.0365680956558268;0;0.034010251869138;0;0.00302823512535206;0.0134916821116974;0.0388121861814903;0.00454296767200201;0.039382988570281;0.00144678018433483;0.0743213971394596
"Amazon8";0.0363696319815597;0.00848469605377869;0.0333110288408703;0.0289382598374311;0;0.0511467192252551;0.0411980633225091;0;0;0.000408006401759505;0.0646114392335711;0.0357324155193467;0.0779224968846319;0.080748258419318;0.0459994648978238;0.0432976853568525;0.000329421681444377;0.0369017921561441;0.0380991570108831;0.0438990087554721;0.0685233354640314;9.05759226294174e-05;0.00747281544188878;0.0160866081694903;1.02694728792545e-05;0.0030161340423292;0.104908899821997;0.0131644499637468;0.00670165363336789;0.0882543129611888;0.110916252662709;0.0248466064710683;0.0581014909329806;0.00517105602441159;0;0.0690683102538453;0.116445527467826;0.0677043333323552;0;0.0523101568112013;0.053013965804747;0.053288964868934;0.00439248873257123;0.0857066505937187;0.00747483563812111;0.0706225166452367;0.0689127438386854;0.075574978902174;0.126848912911752;0;0.0258518144020632;0.0428767057900117;0.0125341542588205;0.000818080237582401;0.0565925403430993;0.0894886316318864;0.072097742100186;0.00660943772202045;0.0588377146439973;0.0752393234292708;0.0559605504776642;0.0257715952744309;0.107331882870907;0.0112149451345682;0;0.0450482243811539;0.00870232982901757;0.0328059820868656;0.0522321413200011;0.0286032898789487;0.00759230707577957;0.00959680422123032;0.0623771293710034;0.0159626507808174;0.0236473299325258;0.0210778225349862;0.0271253151138601;0.0184048199980287;0.0276379186490428;0.0276540499773797;0.0221362241263758;0;0.0520853766704897;0.0503840049185766;0.0165911181910442;0.0390946654312443;0.0426341595239565;0.0317178372821421;0.0441051837231475;4.96137787761482e-05;0.00231636293039525;0.00821876480853964;0.0634833977384321;0.0318397797071936;0.0242710161524138;0.0223687878954269;0.0798509577725379
"Amazon9";0.0382518323705572;0.0276965274453717;0.0337331479167582;0.0469797242174905;0.0511467192252551;0;0.0398883850884784;0.00154140512648726;0;0.00128824721464274;0.0829337565035687;0.0670125239167581;0.113427212908962;0.0890220814882048;0.063618632112527;0.0650314916038397;0.0126230082097544;0.0739400897611401;0.0674554265212017;0.032181480618207;0.0696193555534631;0.00713870705308212;0.00549469670035505;0.0470361210333344;6.71430916137823e-05;0.0179527948713231;0.138751038195815;0.036802873500407;0.041796110026926;0.11783296468515;0.140240177042041;0.0522372801901756;0.0643583991115834;0.00994103206254046;0.00115875540983098;0.0621957573766878;0.118859650144093;0.083667550086073;0.00156591530673761;0.0616980595427962;0.0434082247219614;0.0870533326887466;0.0158589939681188;0.0851714408972146;0.00943736030206426;0.0762247783647388;0.0857817703156005;0.0667473526987809;0.114051821890077;0;0.0252583748474274;0.0750858715791636;0.0266043810539726;0.00688881106889441;0.037634593136252;0.120428822189936;0.0632742230440708;0.0137056586653292;0.100029088175907;0.0903776385007882;0.0922624366520705;0.0396362378193724;0.111850251320469;0.0391846085940644;0;0.0687829783498961;0.0149640959948996;0.0344522881767308;0.0677595728393743;0.0566220071313186;0.00607500112086077;0.0244479893061209;0.0938036961406652;0.00264146312240899;0.0338472749371625;0.0504966869259413;0.00472441262041731;0.0260836916790228;0.017434767099422;0.0480137219161971;0.0504668478566634;4.67157367590372e-09;0.0494204682966641;0.0623388543471723;0.0221012470649921;0.0550673665808804;0.0871395743656534;0.0381921061543046;0.0534506127935029;0.00503451166835725;0.00520779366029778;0.0319082865220943;0.0832067746518964;0.0596166128286393;0.047943931877487;0.0401006833070256;0.102930396080699
"Andira1";0.111733334037026;0.181476335047121;0.100879433384173;9.57936404817576e-05;0.0411980633225091;0.0398883850884784;0;0.0432235179325622;0;0.0398479163992349;0.0933676728592675;0.0605161644494825;0.0693516339107788;0.0147522553490113;0.0562787461977128;0.0814961891636281;0.119435081339966;0.0405838232126179;0.190185708179974;0.0343375508169272;0.103778243054953;0.012877014437973;0.13255536155711;0.106808901796883;0.00477206602485355;0.0265727606484788;0.00795433125532029;0.082498365145009;0.0907839973629908;0.183280864396807;0.0309920702550042;0.121369682887952;0.0127461187153649;0.229601516600394;0.0508682758677957;0.00147596883895429;0.0172045556294676;0.0781799609883961;0.140537400094026;0.0658016905029557;0.00545898663520928;0.115005756108023;0.0935533853691731;0.0742396865664071;0.00092509341760195;0.0827289025656395;0.0603003763029111;0.0165118616510873;0.0371911852843684;0;0.156425660549862;0.204229818319516;0.134570915079187;0.0141059064422926;0.118458478520598;0.118609188962939;0.0667029309048322;0.0056500148910436;0.0555296783430523;0.0586472876235307;0.0941354023065066;0.0477998368225818;0.0657088442814718;0.107998845042752;0.0421562858785872;0.148173569109195;0;0.163868578198248;0.107652254913539;0.0153307775514078;0.0504410075540773;0.196739926162795;0.0740763158406733;0.204614456860428;0.093815839415679;0.132354277251438;0.110087152024066;0;0.00165065017684903;3.41337809657639e-05;0.118871312271325;0.00178403563613527;0.00525837769975985;0.131282169782492;0.123412092559919;0.0153313885610129;0.102775986481893;0.0927441785811025;0.000949508559738431;0.0072990545400068;0.137886686933649;0.0822449109949228;0.0806868733791215;0.109069703354763;0.213058104825844;0.0462485068064873;0.137103447802686
"Apaporis";0.0279835240432452;0.0420812868090927;0.000796379266085277;0.000601232577912651;0;0.00154140512648726;0.0432235179325622;0;0.00204942132846027;0.256128463432965;1.94622843700155e-07;0.0837938334062693;3.66531973054766e-06;0;0;0.00476772944258915;0.0207974651236292;0.00269713437513435;0.0779545494359239;0.0287463931674886;1.94622843700155e-07;0.137231173864963;0.152583938390131;0.0706199737254137;0.192732449854685;0.214796695214426;0;0.12073785528453;0.0457164368760207;0.0740004861486123;0;0.0499906538210259;0.00158940606943554;0.144343858004257;0.128926203752125;0.00759967202961865;0.0112746255640227;0.0031809837465807;0.166566229661919;0.0323259344413958;0.00414264356432065;0.0086219538502547;0.000802567815336923;0.0118399193343272;0;0.0261208648248919;1.94622843700155e-07;0;0.00611720110934456;0;0.0101469320927193;0.0327767273761465;0.140209628183097;0.0666568001754707;0.0166266232050786;0.0393697914970168;0.00110329261203977;0;0.0042024205677215;0.000987628199158029;0.00022400125852517;0.0551453249866471;1.94622843700155e-07;0.105226902760317;0.0502995948111133;0.0322039373394157;0;0.040009665436057;0.0168747187966777;0;0.0793074087608879;0.153895799647948;0.00441154595138142;0.0262522077531596;0.0128907149068706;0.00107737649972185;0.0140402079250688;0.0024895052271751;0;0.00141647888825373;0.00942439056370732;0.198242132989483;0.00259040627773006;0.0100402091833794;0.0256834171397441;2.75746080445984e-09;0.0446768569035891;0.0416981550411003;0.00141647888825373;0.250086930526081;0.0349591080739817;0.161317718113681;0.0166662676468357;0.0669921029513929;0.100329462559024;0.0549821498043912;0.0220660429795505
"Apurimac1";0;0;0;0;0;0;0;0.00204942132846027;0;0.000142892783901877;0;2.04404626849144e-05;0;0;0;0;0;0;0;0;0;3.5706497335049e-07;0;0.000274140750947576;8.50528838962168e-05;0;0;0;0;0;0;2.04404626849144e-05;0;0;0.0112528842022864;0;0;0;0;0;0;0;0;0;0;0;0;0;0;0.550799265181809;0;0;0;0;0;0;0;0;0;0;0;0;0;0;0.314166477744302;0;0;0;0;0;0;0;0;0;0;0;0;0;0;0;0;0.000136917287611321;0;0;0;0;0;0;0;5.20970182556882e-05;0;0;0;0;0;3.55895492804858e-05;0
"Arinos";0.06536734203081;0.0131744112624076;0.000358890752177624;0.000358890752177624;0.000408006401759505;0.00128824721464274;0.0398479163992349;0.256128463432965;0.000142892783901877;0;4.53850195301277e-07;0.0601085532101832;0.0012450761627022;0.00308695619785118;0;0.0015130401783028;0.015928434019606;0.00120795062717948;0.06877616741365;0.00129727875631771;0.000653901786017629;0.124278779403592;0.0331477874062803;0.0845708471885462;0.233512976352853;0.210846886667567;0;0.124239062485262;0.0228607754966089;0.0650224326925244;0.00217979629462706;0.023477819072261;0.000407334602322165;0.0148711670273979;0.22755105499347;0;0;0;0.0295749262106489;0.00393485120104434;0.000440613922506278;0.000396208636583594;0.000792626496246981;0.0108874876519342;0;0.0246242565078893;0.000812764994862728;0.00195101304510052;0.00461809065662665;0;0.00264048868545133;0.0393455271916852;0.110449577021379;0.0431640414466171;0.0234249403943065;0.0526497002175384;0.000653901786017629;0;0.000498765583893552;0.00566223113483485;0.0429230998959344;0.0252744167557451;0.00137422241447693;0.0824110846412155;0.101554703042442;0.00931607925246966;0.000408006401759505;0.0791147951776413;0.00329548851497622;0;0.0224395209222263;0.119580426613365;0;0.0181225876590655;0.000728066889909811;0.00188344615071793;0.00259663066240052;0;0;0;0.00216881684089642;0.236979626622733;0;0.00437793348877532;0.0178310750223543;0.000563298283792166;0.0529630805837295;0.0598499880704932;0.000118401160267398;0.0801034335315068;0.00204981028148374;0.152508795398821;0.000388497822682247;0.008569013232272;0.0791107906706614;0.0973972650513288;0.0127102131137617
"Aripuana";0.0798600054787947;0.00337236445641824;0.0327568371669359;0.0680007810435605;0.0646114392335711;0.0829337565035687;0.0933676728592675;1.94622843700155e-07;0;4.53850195301277e-07;0;0.0822700860171455;0.0527448173965353;0.10751646833072;0.102215476403224;0.0529239984742218;0.0160437731893649;0.0883044457885876;0.00509764447283138;0.0779959817155128;0.0297445517270562;0.00051551653888404;0.00660841176322008;0.0668623617850518;0.000811690458587034;0.00444001559374968;0.119781790599159;0.0137321342323385;0.00883424110292683;0.0479618271392429;0.127900097789995;0.0311793877713909;0.106506705386407;0.0162732482871907;0.0593197938198708;0.0926648880858962;0.123106410135556;0.081593430523082;0.000351873610196702;0.108434412279958;0.097984924536137;0.0325058802531555;0.0513755233018974;0.0388910709680684;0.0147020784171672;0.0960677292979668;0.0215083803310981;0.0717406457809555;0.127509255481751;0;0.0664679897079749;0.0159831056952721;0.01587014819027;0.000494825607011549;0.0698159812685908;0.0944199320857232;0.0989404160964378;0.0163707994503616;0.102753656138251;0.114986621172543;0.0948634572189714;0.0817246152302323;0.069503368026366;0.0115005686422975;0;0.0548075984155812;0.014629849594799;0.0454273439121746;0.0512255946273982;0.0760661055537883;0;0.0168237777656334;0.0684071608823129;0.0164760768440432;0.027439224639523;0.0421872834877817;0.0543899473710259;0.0534723261420134;0.0288685151572784;0.0618173314107852;0.0259910655225687;0.0574011862574572;0.0842791792452001;0.025637887571202;0.057755494151029;0.0857529526881644;0.0958351087229703;0.085416052782653;0.0671923342787217;0.00124305693985404;0.0450807594394722;0.00824566622620016;0.0778977847216033;0.0403038553410034;1.26055037336805e-05;0.029135786862277;0.0511531718594876
"Bacaja";0.0913064593322191;0.181058497118016;0.108421518183375;0.00567329498860039;0.0357324155193467;0.0670125239167581;0.0605161644494825;0.0837938334062693;2.04404626849144e-05;0.0601085532101832;0.0822700860171455;0;0.0516070676631264;0.0348842263182549;0.0477205914367109;0.0723309325819016;0.105695668040962;0.0111186796859198;0.201591033201928;0.0499579056427993;0.100762175638102;0.0133810312103628;0.214404498395663;0.114092046270734;0.0203267730541329;0.0393213051133304;0.00860030670969352;0.118928879426318;0.113951551588626;0.143388966521133;0.0154328362450388;0.0953476847832136;0.0390242642805132;0.278162941528238;0.0709230106293614;0.020886627870658;0.0124764133515671;0.0710141350594844;0.177554875569001;0.0859599275323991;0.0361941262970808;0.0985269078154718;0.0942877706981252;0.0689506253437434;0.0065177722865513;0.0685435437299871;0.0467280110193592;0.030788022729426;0.042950573473696;0;0.158075846262837;0.177579699485252;0.192465929497914;0.0616782382916308;0.127749606141178;0.064630254193072;0.0805932785486713;0.0129081618620745;0.0350993869587175;0.0458916797215613;0.0521866545212123;0.0835663931546702;0.05518001404472;0.137619157250783;0.0459495751583937;0.115083654569804;0.0154669154492047;0.130473904626777;0.0819422029260547;0.00894112867706927;0.10073249274973;0.245189766340199;0.0564894643912412;0.21347414299461;0.0951807659135673;0.121492460892688;0.121840837982336;3.43040753952947e-05;0.0233698235795338;0.00705367952477171;0.0898186118823824;0.0310740069300971;0.0151532592949195;0.102175318478304;0.172495110218483;0.0276269401422441;0.0585569442889684;0.135568041623924;0.0110902645490785;0.00668314194588309;0.147305629903678;0.104837924722376;0.0515830357424557;0.119109994982286;0.234347371365308;0.0569858615919595;0.118783752952749
"Beni";0.0428305364896205;0.0172578417299612;0.0680921758468192;0.101559585007417;0.0779224968846319;0.113427212908962;0.0693516339107788;3.66531973054766e-06;0;0.0012450761627022;0.0527448173965353;0.0516070676631264;0;0.0726980105015093;0.0893153246097163;0.058542463817492;0.0172806665064671;0.0553650199578004;0.00106308789503947;0.0702813985884423;0.0684634325861738;0.000286211835501392;0.0124102090029172;0.050934335083326;3.81737573671412e-06;0.00210572081244688;0.0843500812996212;0.00413704005800887;0.0094349969942541;0.000924218689287638;0.0688762459990206;0.00441491372982333;0.0904772345780097;0.0318705176662476;0.0557638330664773;0.09726228179813;0.0909541990261213;0.0473501838044889;0.0044730620026836;0.0804538554500418;0.0982105271192885;0.0388792641944017;0.0659243697200729;0.0340971400766137;0.00766840439837179;0.0756024606045725;1.58041841849183e-05;0.078924585925007;0.100221585677878;0;0.0560340979124368;0.00809928816752947;0.0104091943496223;0.00239628750426773;0.0884921559161422;0.0587304892318613;0.126874900751712;0.0250944915624913;0.0953560330759027;0.105668224602442;0.0666121349817677;0.0617671283404679;0.0350976194351916;0.00481538074487645;0;0.0166356604962645;0.0479897969986887;0.0463903968690066;0.0219410388986634;0.0831270558883445;0.0091414134786163;0.0143446695893855;0.0536555512083948;0.0398337113620783;0.00481423558782132;0.0421714077285318;0.0827521059042973;0.0600340298122297;0.0675314554427179;0.0804974128818342;0.00480279686185541;0.0556557874897082;0.0923846220572644;0.00760477867478166;0.0470006958787529;0.0913891148974581;0.0602153743229036;0.0573049173427337;0.0724730157765312;0;0.0454247514573285;0.00208207207591745;0.0553455316579608;0.0120489962618439;0.00112248697358565;0.00146179147446568;0.000235451079251699
"Blanco_Baures";0.128462013704536;0.0684117719911593;0.164368079101124;0.0692189227311413;0.080748258419318;0.0890220814882048;0.0147522553490113;0;0;0.00308695619785118;0.10751646833072;0.0348842263182549;0.0726980105015093;0;0.127354873752994;0.0579735410692693;0.0260865299771093;0.0582551251064861;0.0406720159132825;0.0523370964140199;0.115603499338658;0.00342152593914102;0.025784273931628;0.0320832845735096;0.00106956736451696;0.0126159567552921;0;0.0342947711246931;0.0427222780296188;0.0551958423634815;0.0240569909587853;0.0247410999290824;0.0898289660831008;0.0830178986508773;0;0.0848865730589801;0.0400752811979487;0.134721959411943;0.0154653098544938;0.0848275478716187;0.0987394480412237;0.106036810863963;0.147625706857011;0.133875429940107;0;0.0207385343343874;0.0670196078612673;0.0192761094045243;0.0289942384628844;0;0.0453763536392635;0.0453977233504776;0.0326761301608417;0.00746518339523332;0.12468071323765;0.0277699489653189;0.131603949118318;3.42942546240214e-05;0.0847356534574994;0.0908755800395729;0.0594454677533821;0.0108586689620809;0.0855287722905822;0.0513792421633127;0;0.0651744691714713;0.000745522722143537;0.0960644182066546;0.17498238211649;0.0681746764724406;0.0195812850309685;0.056352797417149;0.122375336539379;0.159496352324809;0.0131698074692085;0.182065910507825;0.160971236947472;0.0647683470186427;0.00247649108532282;0.0709989209002772;0.0301135345378961;0;0.0820381865546008;0.106729480713566;0.0295799379193693;0.0613272104673393;0.028727921939478;0.00417744080947396;0.0694408684202692;0.0053495814760679;0.119641225754315;0.0331303380663593;0.166933821379581;0.0441643269364917;0.0910744564084651;0.00669692612644992;0.0331033938414192
"Branco";0.0694951022492217;0.0179513259057327;0.0739328604543924;0.0451331002468822;0.0459994648978238;0.063618632112527;0.0562787461977128;0;0;0;0.102215476403224;0.0477205914367109;0.0893153246097163;0.127354873752994;0;0.0873818267200932;0.0323888599249664;0.0762067610149117;0.0885788643636002;0.0750186311166764;0.0717421379263208;0.00275533928559002;0.00836750673006931;0.0293655326786007;0.00120831932558681;0.0199460634832751;0.11695546847139;0.0284093359417635;0.0218858264249739;0.130865842086516;0.14908938114465;0.0391331356921814;0.0379472713036889;0.00762175513719047;0.0108584745993934;0.049366314324372;0.162354587525793;0.08298316656505;7.70758646290534e-07;0.0382979866530101;0.0748414147499713;0.0918507678902331;0.0319144118786084;0.132215601214549;0.00485007350425469;0.110152802087233;0.0784037987190936;0.0604019535606343;0.154297108438695;0;0.0215665070274612;0.0774931484414866;0.0248807730154726;0.00476664166631734;0.0941354611078159;0.143083008380878;0.0512685647179633;0.00773097768921502;0.109065376844562;0.102981581417911;0.103132806056113;0.034583290108139;0.13158920105584;0.0349143472631637;0;0.0726703056247819;0.0437924036198438;0.0735927337469051;0.0641374852494642;0.0470922540774897;0.00904447087385095;0.0150146277361557;0.0655797735164509;0.0262813290890416;0.0534495877737434;0.0576819235580286;0.0376582922149962;0.00965127128306452;0.0509083230278801;0.0208194243344317;0.0394102273810715;0.000748271144403174;0.0682125902215431;0.0901514312739009;0.0197793910903598;0.0593297409219434;0.0996340029832866;0.0386534123625297;0.0299747084259339;0.000210474163346893;0.000296219885112709;0.0239535728111738;0.0565347231313192;0.0405443043319569;0.0497625346182517;0.0308613931295948;0.11926738858739
"Candeias";0.164066265604248;0.0302664820722606;0.124730622135811;0.0617841436682949;0.0432976853568525;0.0650314916038397;0.0814961891636281;0.00476772944258915;0;0.0015130401783028;0.0529239984742218;0.0723309325819016;0.058542463817492;0.0579735410692693;0.0873818267200932;0;0.0290986832445546;0.0925317972861205;0.0121712069353946;0.0718279549168078;0.0637285279638352;0.00216435092716133;0.0260594681001627;0.0514710977477489;0.000298240896213706;0.0144018241631944;0.0153164461466625;0.0246980930543045;0.0391118889495722;0.0708646968077932;0.0486035763144376;0.0659392586219414;0.0889691732159027;0.0523959436322037;0.016094249634298;0.0828296377506781;0.0616221595501951;0.117027286001775;0.000272498616176491;0.118047120053715;0.107253764797433;0.0597799855556902;0.105472119583744;0.136190538949126;1.39156974750072e-05;0.0564584379243477;0.0532286496163122;0.0250881208297367;0.0563880874655262;0;0.0543979028795787;0.0369736532374576;0.0289223011484899;0.0124091967563245;0.124461414084138;0.0802092087399077;0.0911050839174245;0.000264874366539062;0.0359898446145336;0.106469721770755;0.0816642342786126;0.0500945608197233;0.0822872356678963;0.0265426337131982;0;0.0857182900120482;0.00171504935537267;0.091591364174583;0.16182318964437;0.062644419419851;0.00783947645347538;0.0329877361583105;0.100469610244963;0.136686576875746;0.0537046117764577;0.132924074507495;0.122451976295804;0.0573705226096703;0.00951924826415127;0.0628646655240147;0.0654427382278491;0.0133717874598478;0.0799553829649618;0.130821375328082;0.0404112995073686;0.0550040936535922;0.0853787915900955;0.0666323847477595;0.0628565752383588;3.99343055078949e-06;0.111707663784;0.0217037590093982;0.143755497509324;0.0696430908727034;0.067665992554453;0.0438886820110906;0.0688655839785421
"Canuma";0.116026917121088;0.0927892258501971;0.0320548766706449;0.00281339438794257;0.000329421681444377;0.0126230082097544;0.119435081339966;0.0207974651236292;0;0.015928434019606;0.0160437731893649;0.105695668040962;0.0172806665064671;0.0260865299771093;0.0323888599249664;0.0290986832445546;0;0.0321393668139831;0.119887315974825;0.0341641942380864;0.0308103168966922;0.0113317786615932;0.0603118081607693;0.112811626077152;0.00569685775868801;0.0393255309284317;0.00539114932218017;0.0647450267859247;0.0740997020724408;0.16993735881418;0.0233810888370074;0.0832180815195824;0.0115235339252436;0.155690091448854;0.0635976951161946;0.0064693859983699;0.0274430593310233;0.02426428126133;0.0465181470700862;0.0932855091417896;0.0350580461500461;0.0259718624345131;0.0409744389999225;0.0544711351611644;0.0036373041839896;0.0643784691231788;0.0133524589260135;0.0190490511037212;0.0350546527282776;0;0.128305416867429;0.151631929181184;0.0912950335855968;0.0176139578947101;0.108100734711602;0.161555219624589;0.0344562723144644;0;0.0108342000962453;0.0595444567904801;0.0698282764555163;0.0889903971384149;0.0293551934435169;0.0618548042977552;0;0.109197713269979;0;0.154433995753539;0.0534110429426892;0.00441752933864166;0.0249527938712942;0.111039253708706;0.0170026570898541;0.154328283884227;0.074074505764836;0.0557030628186081;0.0622784671340159;0.00221096007870434;0.00367988121333831;0.00361756062181687;0.0799344092010966;0.0515011139921287;0.0099881539620408;0.0630269359127549;0.114164750487312;0.00174956097364588;0.145968339055856;0.113518394687862;0.00636929220271807;0.00760882982987256;0.123190004906783;0.0596128896974576;0.0518125365433018;0.0855893416621304;0.154090404219907;0.0510535361332742;0.123874519214149
"Caqueta1";0.139052902361267;0.0608955590060061;0.109408662743825;0.0151332390167266;0.0369017921561441;0.0739400897611401;0.0405838232126179;0.00269713437513435;0;0.00120795062717948;0.0883044457885876;0.0111186796859198;0.0553650199578004;0.0582551251064861;0.0762067610149117;0.0925317972861205;0.0321393668139831;0;0.0613357444740028;0.069071075283869;0.0900034963405274;0.000540550608548754;0.0234984603094242;0.0351368818274547;0.000596220855813473;0.0111189404646116;0.0162766751388734;0.0402405047489165;0.0210840028902862;0.114597282756463;0.0255870104078239;0.0115820242490469;0.0401967434842669;0.0686760246263074;0.0194103211847553;0.0492370272539301;0.0723292358569368;0.0703822236846282;0.01644332664831;0.0852817024566005;0.0638246767510863;0.101874042357827;0.10802489337808;0.148377849874245;0.00397454861479154;0.103593523170621;0.0516422803159936;0.0437800162164022;0.0789259243965697;0;0.0382489410824195;0.0723284531674882;0.0331438822496039;0.00356625792222809;0.192734844663254;0.0972234010288836;0.0820127396891258;0.00826146984551681;0.0454621764271544;0.109360112233237;0.0848408082366753;0.0282270108749383;0.0839521551139693;0.0251075195925025;0;0.0488213804868913;0.0118709361002491;0.150751471525869;0.116880506440957;0.0104723107225699;0.0252200241846942;0.0446399499036138;0.0569412996663815;0.164637167917934;0.0328237147989044;0.119562124678021;0.139435914533178;0.00430145575026124;0.0191201624478561;0.00997125610542935;0.0175223914400833;0.0044034380607037;0.0381140288398401;0.141602602973017;0.0286233097069765;0.0367177225753918;0.0368690645877007;0.0188094057328676;0.0177116107685222;0.000949003851117832;0.130110482628252;0.0226049139960302;0.0943434261027439;0.0197832041034048;0.119610685585801;0.000404388101577591;0.106745168708153
"Chapare";0.185951137673561;0.157212404900904;0.0774240186883645;0.0615736008546422;0.0380991570108831;0.0674554265212017;0.190185708179974;0.0779545494359239;0;0.06877616741365;0.00509764447283138;0.201591033201928;0.00106308789503947;0.0406720159132825;0.0885788643636002;0.0121712069353946;0.119887315974825;0.0613357444740028;0;0.0924764792632727;0.00325351505522214;0.0378115567541419;0.236054884175364;0.212459008639567;0.0425946476439983;0.056492951571021;0.00334911996855756;0.0946999763879374;0.153550993131883;0.0673442525243458;0.00615691475731121;0.171947282546085;0.0859682302350547;0.290418258783978;0.159590096999199;0.0666096806460767;0.0276316447978004;0.0676334340906381;0.15034165621621;0.17508289769226;0.108099398305966;0.0125189648367782;0.0757286280202896;0.0287632171853951;0;0.0523406928856421;2.13313116057345e-05;0.018814571871637;0.0407811885515568;0;0.140805741471152;0.0610562592125006;0.146910912915508;0.13745873161959;0.108035370949777;0.118748866244872;0.0741209998734325;0.00538974669695188;0.0207334231411235;0.0907139209242845;0.0766383674567136;0.217122804618733;0.0144329366384376;0.0915129749180976;0.0370106699910195;0.0878143009043156;0.0114819561309846;0.099322743669578;0.0738919578440113;0.0539059136178026;0.0900506051075796;0.176544540714167;0.0453751563919627;0.169985142298791;0.0884693126052569;0.0730915803912163;0.0965098064942398;0.0477149198861859;0.0213372945573195;0.0577050936930739;0.113656868221757;0.178122523115635;0.0723476995467313;0.0535742866238864;0.161103422389928;0.0575016881042363;0.126725126156611;0.249480578136042;0.0592863233857344;0.0149862481742621;0.172872428279545;0.0538437789370238;0.105423452890484;0.188332623332471;0.154364990933601;0.172451803114633;0.0572665395614219
"Coari";0.140056553550697;0.0526708720611224;0.0892088563714412;0.00263401256732358;0.0438990087554721;0.032181480618207;0.0343375508169272;0.0287463931674886;0;0.00129727875631771;0.0779959817155128;0.0499579056427993;0.0702813985884423;0.0523370964140199;0.0750186311166764;0.0718279549168078;0.0341641942380864;0.069071075283869;0.0924764792632727;0;0.0865828727678526;0.0104104044373862;0.0322915810040923;0.0898467886025065;0.00107225979847177;0.0264983904306621;0.0263701927036817;0.0546057884575292;0.0726941026942244;0.138796552049247;0.0554506723331824;0.0574522366839013;0.0208490223700184;0.0983023021989273;0.0369093992372311;3.78234213800283e-05;0.0366146687355349;0.0769067672290281;0.00351978565638949;0.11089015728907;0.0340200287092405;0.0992169520270812;0.0928921413089885;0.12782433482635;5.82458241467056e-05;0.10556938428024;0.0541027970716586;0.024965005608342;0.0479367449208126;0;0.0758799512539486;0.127867630050847;0.0639050768557458;0.0172015903566764;0.169954881482881;0.130567527423769;0.0603545591523536;0.00879894073947921;0.0509910068984834;0.117751663582955;0.150062383982793;0.018103600014928;0.0775400622714463;0.0582040419558385;0;0.103783984244631;0.00138628769398269;0.167490175317907;0.109666751034814;0.0235943939324349;0.00820870503591992;0.0736112377433198;0.0688405169900402;0.162286476249073;0.0439879581415247;0.124296321155082;0.0813428455810007;3.78234213800283e-05;0.000504481385706742;0.00208029313487336;0.0768452048841762;0.0230601412250544;0.0149829335190814;0.133245913223671;0.0654967607035824;0.0251564848210792;0.100489892137545;0.0399275287595562;0.000441877569876498;0.00695748671014502;0.130198947204063;0.0576191531505971;0.104544344221882;0.0557429021683955;0.139877528146425;0.0271432077134977;0.138046719459012
"Curaray";0.077216075114214;0.0070092990857088;0.017898504958067;0.0977009076799224;0.0685233354640314;0.0696193555534631;0.103778243054953;1.94622843700155e-07;0;0.000653901786017629;0.0297445517270562;0.100762175638102;0.0684634325861738;0.115603499338658;0.0717421379263208;0.0637285279638352;0.0308103168966922;0.0900034963405274;0.00325351505522214;0.0865828727678526;0;0.000267277893669608;0.00506468334005028;0.085670223927255;2.00308020783245e-07;0.0015882211236621;0.140022600668878;0.00134033057727365;0.01471017730282;0.0568604104165615;0.125669144554306;0.0453292987646905;0.0942071698161459;0.00208413420946704;0.0694279172698124;0.102012447305288;0.133356600533833;0.0420582745563901;0.000777209214467828;0.0946007780935934;0.0898279339923284;0.0272408923680296;0.0450175559756868;0.0507520558479984;0.0680866620808892;0.104008750647629;0.0800288106197685;0.117324254923203;0.120887239552853;0;0.049409923501341;5.00001257302317e-05;0.000566825072516389;0.0146501060534172;0.0808711315448363;0.110984636674532;0.0491159753281561;0.078256697168053;0.100173038713041;0.12254911325658;0.104437538575318;0.100042009421453;0.0747514938988556;0.000389598455009082;0;0.0360848523979133;0.0973247620397198;0.0449381334145181;0.0346820336810768;0.0856943536430688;0.00056951311135936;0.00116489819734729;0.0583028615187568;0.00180005544975716;0.0406004150823966;0.01792644545554;0.0394863916411698;0.0976795149059054;0.11124283636592;0.100106425380334;0.0406689856409896;0.0570963131959789;0.0863901630858844;0.0406872961070429;0.0484153186085541;0.0946649508554573;0.114198679164319;0.0984910516108446;0.0972401446160928;0;0.0476701554820887;7.43042908888365e-05;0.04792300634784;0.0540273803172472;0.000419540024158649;0.0408733962367064;0.0484134685065579
"Curua";0.0507217867032732;0.0156836915712832;0.00167376650002279;0.00133689839959959;9.05759226294174e-05;0.00713870705308212;0.012877014437973;0.137231173864963;3.5706497335049e-07;0.124278779403592;0.00051551653888404;0.0133810312103628;0.000286211835501392;0.00342152593914102;0.00275533928559002;0.00216435092716133;0.0113317786615932;0.000540550608548754;0.0378115567541419;0.0104104044373862;0.000267277893669608;0;0.169652847763136;0.0632622751584534;0.0792026621566239;0.150175988618241;7.05500797434078e-05;0.0759276745799541;0.0063140389426225;0.0383864699329042;0.000524279032001766;0.0150625759673001;0.00758237270492538;0.153525265036659;0.236681754392431;0.00393226215231774;0.000866037745909153;0.00211440305347538;0.164447674401203;0.0258069835750828;0.00613208638075884;0.00118995518747095;0.00466862870339911;0.00363003497833104;0.000864087149069038;0.00818554341363711;0.000160260287918855;0.00385448727030672;0.00634029195798569;0;0.0135988115286112;0.00906070673496844;0.115834559611694;0.04744107723189;0.0256186564493929;0.0270225987381211;0.000535518518895486;0.000588800814895323;0.000630505474131308;0.00432199057346148;0.00817346523890381;0.0566669078729357;0.00351039402043424;0.0402470925072044;0.0415465832000569;0.00752358105119278;0.000892591265473034;0.0196066064423289;0.00152369506763887;0;0.0665459103622037;0.121757323366235;0.00161183420874251;0.0292668622045203;0.00639099586869874;0.00767175137846178;0.0110741285319917;8.80265731430878e-05;0.00318967684187283;0.000156061046447502;0.00368692833309046;0.206547786757846;8.77984167520062e-05;0.0107646661694371;0.0298517355263803;0.00220224858557598;0.0333309439383834;0.0663707062782581;1.06778117091488e-07;0.045120988314626;0.0249393022152875;0.106004609552429;0.00225127592998235;0.0417977399883423;0.0446160292952248;0.0867119006218479;0.0131764300704265
"Curua_Una";0.114460493622936;0.0809372270603849;1.50893897957192e-05;0.00434100685628326;0.00747281544188878;0.00549469670035505;0.13255536155711;0.152583938390131;0;0.0331477874062803;0.00660841176322008;0.214404498395663;0.0124102090029172;0.025784273931628;0.00836750673006931;0.0260594681001627;0.0603118081607693;0.0234984603094242;0.236054884175364;0.0322915810040923;0.00506468334005028;0.169652847763136;0;0.26258106798992;0.105954016350903;0.153134604275463;0.00892551477551544;0.246908640131048;0.138444774760913;0.199181376549771;0.02687972206925;0.0928648469907193;0.00826264703731931;0.0639037710034916;0.30226010663966;0.00189395333650085;0.0181944496576823;0.00798801604973611;0.066586564973249;0.0225330700459563;0.00583764192272648;0.0239886263268383;0.0418304351274459;0.059849395903671;0.00148362121021028;0.0823373297168157;0.00263260373969331;0.0148514791408349;0.0273211885890286;0;0.106025957865352;0.129757131201492;0.206269453341492;0.188604337735422;0.122389907939236;0.201118299399359;0.00383913301570255;0.00523123683854033;0.0134128157049986;0.0467789439600705;0.0870263577606825;0.213136085210105;0.0178683015840344;0.221797557715296;0;0.0897177066666087;0.000353370474038087;0.183383693224509;0.0358008288418028;0.00829676367964954;0.154785755256303;0.210487328160087;0.0059114126221823;0.0645203953809883;0.0841504441333687;0.0083399946997862;0.0357066221692818;0.000256665548489298;0.00290611784349869;0.00433063808511463;0.0453124570830548;0.172699100183519;0.0136239322319459;0.0626523079022452;0.154097749547367;0.0166605376634529;0.193530827643042;0.11772927063924;0.00269462165364612;0.00824613921296177;0.0485322472711565;0.208311021385449;0.00662123350577351;0.119527846018905;0.223069940234059;0.240784117083826;0.130259205917045
